      ID     height   foot_size    weight  forearm_le  income     Book_score  Book_apprec
       0     1.7899     6.2968    68.9011    42.6492  2663.0869     8.5258   yes
       1     1.7887     6.2507    67.6268    42.4574  2086.8047     8.8313   yes
       2     1.8535    10.4551    83.0686    48.2764  2122.3171     1.7397    no
       3     1.7830     6.2979    72.2125    43.4030  2937.9045     9.0681   yes
       4     1.8296     9.4631    87.9179    44.9034  2037.7037     3.5197    no
       5     1.7066     6.6805    68.9750    42.2179  1979.2242     8.2493   yes
       6     1.7434     7.3759    74.5582    43.8944  1681.3463     9.1596   yes
       7     1.7272     5.8743    63.8662    41.3062  1975.3629     7.4327   yes
       8     1.9095    10.5542    90.4855    47.2597  1849.9948     1.2011    no
       9     1.9317    10.2395    94.1795    46.8241  2655.6934     1.0622    no
      10     1.7778     8.1173    70.7507    46.6616  2008.8464     5.9419   yes
      11     1.7630     7.2999    72.6349    43.6474  2973.3794     8.0271   yes
      12     1.8134     8.9712    80.0548    45.9284  1817.7246     4.3618    no
      13     1.7179     6.7392    73.9107    43.8950  2633.7114     8.3822   yes
      14     1.6011     4.2562    47.3833    39.5072  3630.9265     2.8061    no
      15     1.9027    10.5468    82.0787    48.4342  3588.4036     2.0687    no
      16     1.8931    10.0427    76.7618    46.6191  1451.0012     1.5437    no
      17     1.7083     5.8130    75.9400    42.6978  1868.3208     8.3114   yes
      18     1.9181    10.7043    81.0124    48.9647  2471.9617     1.0142    no
      19     1.7865     6.0203    67.4388    42.9726  2104.0549     8.7079   yes
      20     1.7954     8.8263    76.7540    46.7754  2598.3708     4.9044    no
      21     1.8894     9.9857    75.8142    47.6166  2002.4991     2.2181    no
      22     1.7611     6.4743    63.7208    42.1141  1446.8959     9.3581   yes
      23     1.7763     8.9729    88.0566    46.5654  3196.1289     3.7688    no
      24     1.7383     6.3147    72.7374    41.3566  3815.9312     9.3259   yes
      25     1.6782     4.9166    59.6536    40.8248  1883.5540     5.5384   yes
      26     1.7110     5.8148    66.8879    42.3894  2919.4001     9.2233   yes
      27     1.7508     5.7874    64.7716    41.8914  3137.4998     8.5249   yes
      28     1.6997     6.3850    66.9834    42.1487  1953.5640     9.2595   yes
      29     1.7648     6.6046    63.9162    43.1852  3178.5706     8.7796   yes
      30     1.8571    10.0539    92.7272    47.7137  2040.0292     2.0871    no
      31     1.7572     6.4201    66.6154    43.7782  2511.4041     8.8704   yes
      32     1.6333     4.4084    54.2778    39.5368  2734.3640     4.0804    no
      33     1.7165     7.6243    77.8500    45.6505  1390.3895     7.6799   yes
      34     1.6739     5.4490    65.8328    42.4269  1906.6929     6.2105   yes
      35     1.6545     5.3254    55.5508    39.3397  2141.6025     7.3504   yes
      36     1.7544     5.6824    63.7833    41.8956  3387.8965     7.5840   yes
      37     1.7378     6.1188    67.9286    42.3952  1756.8198     7.6110   yes
      38     1.8356    10.3521    93.9587    47.1701  1869.0519     2.0346    no
      39     1.7507     9.1972    82.1815    46.2815  1904.4900     3.4249    no
      40     1.7357     5.1876    63.0240    40.7811  2734.0752     5.9570   yes
      41     1.6935     5.0908    58.6179    42.3723  1293.7012     5.3558   yes
      42     1.7373     6.6520    73.8861    43.8468  1578.8844     7.9093   yes
      43     1.7792     8.0088    68.1427    46.2613  1818.3363     4.9234    no
      44     1.8943    10.5712    82.8672    48.5973  3169.3762     1.1386    no
      45     1.7477     5.9088    67.1025    41.7601  1810.4662     9.7928   yes
      46     1.7579     5.8843    69.2665    41.8204  3284.7729     7.3867   yes
      47     1.7046     5.3034    67.2199    41.0917  3322.4946     7.7669   yes
      48     1.5619     4.0610    54.6312    38.7073  2973.0674     0.1368    no
      49     1.7535     6.8627    64.9770    42.6887  1620.9329     9.4186   yes
      50     1.7076     5.5796    64.3394    41.3435  2773.8120     7.9246   yes
      51     1.7141     7.8876    76.1983    44.6752  2596.8679     7.0683   yes
      52     1.6657     5.2381    56.4373    42.6105  3152.8765     6.7435   yes
      53     1.6711     4.6515    48.2462    40.2943  1534.7247     3.2556    no
      54     1.8874    10.1800    90.8242    47.4288  2664.4343     1.2493    no
      55     1.7608     7.9025    67.7874    46.7103  3193.9331     4.9460    no
      56     1.8162     9.9057    87.2452    47.1883  2454.6958     1.9724    no
      57     1.8346     9.2763    95.1017    47.8954  2682.5129     3.0902    no
      58     1.7670     9.2178    79.2650    47.4555  1690.4205     3.0472    no
      59     1.7858     5.7506    76.5931    42.7659  2275.3989     7.6533   yes
      60     1.7044     5.4767    66.1800    41.2352  1932.5283     8.2316   yes
      61     1.7572     7.2500    71.9925    44.1375  2389.5847     8.3480   yes
      62     1.5860     4.3008    47.2158    38.7875  2943.0291     1.0994    no
      63     1.8804     9.2069    86.6311    47.8971  2274.2246     2.4253    no
      64     1.7119     6.0583    67.9844    42.4800  2927.7244     9.1831   yes
      65     1.6508     5.3894    50.6671    42.5556  1983.7056     7.8093   yes
      66     1.7453     6.7211    62.1603    43.0984  2086.7869     8.7915   yes
      67     1.7582     7.1467    65.4845    42.9444  2197.2249     8.8294   yes
      68     1.7302     7.2987    69.8981    43.1360  3347.5654     7.9063   yes
      69     1.5934     4.3775    48.4931    39.0749  3154.6382     1.9288    no
      70     1.7185     6.4571    71.2895    43.5157  1517.6027     9.1955   yes
      71     1.7615     6.4812    69.4979    42.4111  3787.1853     9.5823   yes
      72     1.8262     8.4520    78.7125    45.5734  2528.0068     5.4565   yes
      73     1.7424     5.5607    61.7455    43.6587  1945.4521     7.8851   yes
      74     1.7399     6.2384    74.7839    41.7066  2698.5415     8.9385   yes
      75     1.7192     7.0370    77.4062    42.8920  1787.0182     9.0687   yes
      76     1.6663     4.4095    51.0938    39.1323  1071.9015     2.6263    no
      77     1.6200     4.0270    54.5863    39.2300  1896.5333     2.0230    no
      78     1.6664     5.1485    64.5301    40.9638  2285.5691     6.9852   yes
      79     1.6037     4.1884    50.7552    39.7113  2354.1548     1.8147    no
      80     1.8081     7.4830    74.3207    44.1928  3527.7170     7.4505   yes
      81     1.6830     5.8264    65.5679    42.4781  2374.6147     7.4559   yes
      82     1.8632    10.5800    87.8873    48.0102  2542.9839     0.4203    no
      83     1.7049     6.4444    61.0063    43.2789  2668.0303     8.9587   yes
      84     1.7543     7.5419    67.8897    45.8456  3357.5911     6.9885   yes
      85     1.7480     6.3250    81.0474    44.0428  2588.1313     9.4028   yes
      86     1.7866     6.7860    70.9147    41.9755  1931.9188     8.1357   yes
      87     1.8125     7.7611    77.7507    45.1493  3502.6460     7.4874   yes
      88     1.7196     7.2418    78.2054    42.3406  2463.3899     8.6018   yes
      89     1.7702     7.0822    70.4733    43.2649  1956.0830     9.2262   yes
      90     1.7506     8.0229    87.3303    46.9893  2571.1152     6.2220   yes
      91     1.6554     4.9561    62.0407    39.2238  2758.2500     4.2436    no
      92     1.7217     5.0271    54.5771    40.5610  2563.2131     3.6931    no
      93     1.6080     4.8838    44.9327    38.5683  2263.2529     2.2239    no
      94     1.7853     7.3839    65.9327    43.6383  2108.8354     8.1717   yes
      95     1.7963     7.1314    74.2059    42.6551  3064.5608     7.7547   yes
      96     1.6730     4.8667    47.9483    40.6232  1834.7162     4.4595    no
      97     1.6174     4.4554    55.2225    39.5310  2319.4756     3.1100    no
      98     1.6996     5.3901    60.4853    40.5104  2846.5715     7.0932   yes
      99     1.7452     8.3746    77.1614    45.0313  2343.4368     5.1217   yes
     100     1.6966     6.1968    75.6071    42.0361  2053.6438     7.2380   yes
     101     1.5138     4.0006    45.1379    38.5476  2932.6853     0.6587    no
     102     1.7802     9.5395    78.8462    47.4596  2094.8059     2.3290    no
     103     1.7768     7.5129    80.2526    44.6049  1145.4277     8.5660   yes
     104     1.8366     9.3138    75.0744    45.5608  2796.3774     2.6920    no
     105     1.5570     3.7202    47.7378    38.3737  2024.6625     2.1421    no
     106     1.6254     5.2919    52.2862    40.5066  2344.7415     2.7118    no
     107     1.7879     7.6256    80.4200    43.0908  2247.0542     7.9206   yes
     108     1.9047    10.2830    91.9398    47.4841  2420.3552     1.3281    no
     109     1.7669     7.2162    72.9169    43.6429  1982.7252     8.1048   yes
     110     1.6327     4.6284    49.5875    38.7283  1544.0760     2.7989    no
     111     1.7812     6.2239    71.7471    40.9895  1985.4655     9.6205   yes
     112     1.7692     6.8680    77.1552    45.0049  3494.7490     7.8355   yes
     113     1.6054     4.3115    46.8726    38.9606  3003.7610     2.2139    no
     114     1.7377     7.0878    75.5378    42.0955  2216.3213     8.6830   yes
     115     1.6638     5.7994    58.1780    41.8913  2863.1431     9.1666   yes
     116     1.8153     7.9017    72.3363    44.4514  2301.1562     7.7811   yes
     117     1.7606     6.0164    71.4718    41.9435  1395.7584     7.7974   yes
     118     1.7261     6.7219    75.7807    43.5505  3933.1084     8.5821   yes
     119     1.5123     4.0062    47.3480    37.6890  2840.3562     1.0917    no
     120     1.7350     7.3219    76.7535    42.4101  1376.0558     7.8895   yes
     121     1.8117     9.6220    77.0859    46.2433  3257.9255     4.0518    no
     122     1.6848     6.4537    64.7217    41.9987  1497.3390     8.4381   yes
     123     1.7701     5.9568    73.4707    41.5912  3163.9016     8.0378   yes
     124     1.7775     7.2871    69.1606    45.4814  2470.6184     8.3066   yes
     125     1.6935     6.9964    68.0544    41.9665  2256.4138     9.2863   yes
     126     1.7824     7.2512    71.0535    44.7216  2086.9089     7.9439   yes
     127     1.7599     6.9911    64.0508    42.6186  1917.5131     8.7616   yes
     128     1.7743     7.1509    67.7883    43.0406  1952.7328     9.8058   yes
     129     1.7361     6.4379    62.5149    43.0508  1449.8488     8.8091   yes
     130     1.7024     4.7725    69.6898    42.3651  2354.0359     6.0903   yes
     131     1.8557    10.2955    82.7616    47.9824  2603.5752     2.8062    no
     132     1.7316     6.2987    72.1276    42.6646  2718.9985     9.0681   yes
     133     1.7154     5.6104    62.0226    42.5190  2348.9167     7.1224   yes
     134     1.7738     9.4482    94.1459    47.0820  2084.2722     2.8750    no
     135     1.7550     7.2657    77.2281    44.1049  1759.0027     8.5074   yes
     136     1.8470     9.0199    81.1274    46.6892  2117.4792     4.3629    no
     137     1.7143     5.8516    76.5201    41.8607  2195.8796     7.6342   yes
     138     1.7472     5.5304    61.5466    42.1087  1911.7101     8.8075   yes
     139     1.8946    10.4109    77.6611    48.1517  3696.8328     1.4283    no
     140     1.6939     5.3260    54.0852    41.8317  2033.9290     5.8746   yes
     141     1.7726     6.5904    60.1405    43.6753  2610.9058     8.9446   yes
     142     1.7800     7.0711    64.6625    44.9386  1599.4506     7.1146   yes
     143     1.7890     7.6561    69.1528    43.8128  2790.1777     8.7259   yes
     144     1.8160     9.5692    86.8583    46.1096  2734.7771     2.3240    no
     145     1.7679     8.1070    83.5354    43.8938  3022.2771     6.6122   yes
     146     1.6302     5.3815    56.9625    41.1684  2185.9102     5.3108   yes
     147     1.7793     7.1438    80.1443    44.9485  2916.0762     7.9924   yes
     148     1.7775     8.3686    75.7891    46.1689  1441.9081     5.3119   yes
     149     1.7288     5.8032    63.4769    41.9080  1847.2075     7.6741   yes
     150     1.8118     7.2286    76.5095    45.0000  2501.4961     6.8002   yes
     151     1.7579     6.3359    71.7520    42.8735  2625.6316     8.4247   yes
     152     1.7319     6.6616    72.4618    43.3516  2149.9258     7.6697   yes
     153     1.7524     8.5140    88.3926    44.5756  2234.1719     5.5294   yes
     154     1.8593     9.8886    77.0337    47.8098  2378.6655     1.5504    no
     155     1.8188     9.2476    90.2073    47.4149  2122.3401     4.4624    no
     156     1.7648     7.1726    75.1340    43.9456  2326.9578     7.3972   yes
     157     1.6874     4.7146    53.6384    40.7889  2036.3363     4.9799    no
     158     1.6194     4.6926    51.9860    40.4309  3019.7471     3.4626    no
     159     1.7609     7.2451    75.8122    44.9068  2793.3606     5.8741   yes
     160     1.6375     4.9536    71.3814    39.8358  2075.3386     5.8633   yes
     161     1.6336     4.7110    55.6375    40.2218  3581.4341     3.2536    no
     162     1.8202    10.0031    85.8548    49.2265  1933.4182     1.7631    no
     163     1.7523     5.8678    66.7565    43.7989  2353.5681     9.4862   yes
     164     1.8143     8.3160    74.7500    45.3391  2195.0776     4.6966    no
     165     1.7197     6.0670    67.2281    41.9354  2162.7993     7.3618   yes
     166     1.7736     7.2415    78.2410    43.2001  3064.4736     7.9333   yes
     167     1.6567     5.3636    62.5206    41.7205  2436.7656     8.1546   yes
     168     1.6267     5.0385    51.6197    40.7538  1996.2931     3.7770    no
     169     1.7084     5.3598    63.8970    41.0876  2827.1313     7.5673   yes
     170     1.8888    10.0456    82.3991    47.8369  3294.3088     1.9651    no
     171     1.7419     6.6451    77.4418    41.6834  1466.9854     8.7394   yes
     172     1.7389     6.4185    67.4786    42.5498  2891.8225     9.0527   yes
     173     1.7074     5.8731    69.4058    42.9548  3622.3262     7.9963   yes
     174     1.7479     6.9289    76.2299    42.8431  2286.7473     9.3530   yes
     175     1.7610     5.3487    58.4449    40.6903  3095.9045     7.0503   yes
     176     1.7381     5.9154    73.1449    41.6105  2043.9491     8.4786   yes
     177     1.6374     4.4338    51.6497    38.7982  2645.2051     2.8692    no
     178     1.7586     6.9017    57.0661    43.4407  2079.1829     9.3701   yes
     179     1.6947     4.9859    67.2382    39.3513  2763.2371     5.3742   yes
     180     1.8946    10.8980    92.0649    48.5645  2246.0366     1.6048    no
     181     1.8278     9.5969    88.6906    46.1188  1735.0558     3.5155    no
     182     1.7387     6.9529    68.1974    43.7682  2049.1313     8.3118   yes
     183     1.7169     7.2744    73.1834    43.8504  2204.2556     8.4946   yes
     184     1.8158     9.8655    79.3810    46.8105  2086.0469     1.3593    no
     185     1.6462     6.3436    57.6282    43.1175  3119.7646     8.9469   yes
     186     1.6061     4.5123    55.2689    39.1978  1651.2603     2.0980    no
     187     1.7471     6.3449    59.3500    42.4418  2505.5002     9.2274   yes
     188     1.8022     9.0713    75.6917    47.1652  2686.4438     4.1183    no
     189     1.7445     5.5176    67.6334    42.2079  1286.6051     7.6841   yes
     190     1.8063     9.3274    92.5382    47.0521  1689.6289     3.7502    no
     191     1.7554     6.3821    65.4335    43.6027  3290.4346     8.2133   yes
     192     1.8106     7.9156    72.9335    45.1902  2921.6558     5.0640   yes
     193     1.5413     3.8172    40.6536    38.4995  2891.3772     0.4479    no
     194     1.7579     7.0170    66.9343    43.8851  3222.7214     7.4061   yes
     195     1.7141     5.4092    65.9330    42.5717  3228.1875     7.6625   yes
     196     1.7264     7.1406    72.7073    42.5004  1860.7452     8.6471   yes
     197     1.7295     6.7008    74.5997    42.8568  3133.2197     8.6723   yes
     198     1.6935     5.1462    61.3269    39.8760  2229.4390     4.7732    no
     199     1.5920     3.9188    54.5617    39.0294  2425.1509     1.6235    no
     200     1.7735     9.0014    87.4591    45.9623  1755.1444     2.6061    no
     201     1.7138     6.9456    72.4250    43.3429  2736.3503     7.1677   yes
     202     1.7209     5.7801    80.4527    43.3007  1741.7833     8.8767   yes
     203     1.7624     6.9080    78.7360    44.8589  2963.4495     8.3498   yes
     204     1.7822     6.9203    74.2342    42.9935  2528.9751     8.8160   yes
     205     1.7958     8.5799    83.3051    45.4811  2095.0972     3.8213    no
     206     1.7487     8.0900    82.8123    45.0193  1425.5468     5.7168   yes
     207     1.7617     5.6898    73.9162    40.8715  3098.7854     8.3797   yes
     208     1.7742     7.1755    65.4791    45.5326  2902.3015     8.1604   yes
     209     1.6981     7.0092    69.2579    45.1413  3050.7244     7.6339   yes
     210     1.7460     6.0819    61.2347    42.1785  3304.6436     7.3731   yes
     211     1.8667    11.1398    70.7070    48.5319  2203.0283     1.2861    no
     212     1.7484     7.0768    67.7789    44.7020  3390.3953     7.1582   yes
     213     1.7190     5.2012    62.5732    41.8221  1773.8999     5.4208   yes
     214     1.7426     7.5213    72.3260    44.9661  3718.9194     7.6917   yes
     215     1.7169     6.5943    54.8984    44.2386  2346.2864     8.3198   yes
     216     1.6984     6.1246    56.0745    42.2390  2473.7847     8.5643   yes
     217     1.6507     4.9118    57.2617    39.5523  2568.5823     3.8079    no
     218     1.5370     4.0465    45.2084    38.3259  2360.6533     0.9252    no
     219     1.7403     6.5294    68.5924    42.9250  2162.7715     8.7434   yes
     220     1.7260     6.7200    73.8693    44.1710  2301.1301     8.3057   yes
     221     1.7095     5.1884    65.2491    42.4154  3325.6895     7.1008   yes
     222     1.7278     6.5989    82.0230    43.8256  3220.6372     7.7279   yes
     223     1.7269     7.0264    83.1920    43.7613  1979.1960     8.3710   yes
     224     1.7243     7.4555    76.5308    46.7124  1960.1536     6.5942   yes
     225     1.7531     6.6356    75.2097    43.2267  2625.6814     8.0537   yes
     226     1.7642     7.2339    74.5783    44.7271  2844.1990     8.3164   yes
     227     1.7321     7.7108    81.0524    45.2769  3118.4509     6.9990   yes
     228     1.7686     7.4258    74.4853    44.7393  1877.5088     7.2308   yes
     229     1.5370     3.9425    52.8462    37.9524  3495.1514     1.0026    no
     230     1.7181     5.7335    72.0168    40.8269  1898.1206     7.9865   yes
     231     1.7324     6.4792    67.8843    42.7946  2536.3857     8.2929   yes
     232     1.9678    10.9833    89.8742    47.9563  3706.9065     0.9139    no
     233     1.6415     4.5253    48.2693    39.8387  2811.5422     3.3401    no
     234     1.7769     8.1044    70.3602    45.6086  2396.5420     6.3536   yes
     235     1.8600     9.6232    81.8984    47.8371  3674.4619     1.5989    no
     236     1.6876     5.4112    73.9553    40.9403  1959.7263     8.1525   yes
     237     1.7929     6.7424    75.4504    43.4265  2339.7212     7.9881   yes
     238     1.7256     5.7826    73.3009    42.0475  3302.1272     8.9664   yes
     239     1.6306     5.0841    47.6682    39.8464  2966.8923     1.7195    no
     240     1.6991     5.1775    58.8601    40.9786  2525.0095     5.6818   yes
     241     1.7258     5.5936    66.7816    42.1891  3130.0569     9.0780   yes
     242     1.8575     9.8682    77.1508    46.4158  2775.6274     3.7799    no
     243     1.6902     4.9878    55.6262    41.6481  2672.2532     5.3518   yes
     244     1.7551     8.3608    80.9191    44.9857  1945.9060     5.8293   yes
     245     1.7823     7.2586    80.2256    44.8215  3651.9646     7.9589   yes
     246     1.7683     8.5762    86.9106    45.2502  2331.3914     5.2923   yes
     247     1.8562     9.2958    78.0362    47.2501  3243.5408     2.8864    no
     248     1.7590     7.2292    71.0756    42.4708  2099.7715     7.4088   yes
     249     1.6606     5.1736    61.9669    40.6449  2760.8362     6.6905   yes
     250     1.8574    10.1231    83.9334    47.5330  3447.9988     2.8333    no
     251     1.6953     5.4602    63.9966    41.7347  1839.9373     5.5120   yes
     252     1.6724     5.7417    62.3859    41.0312  1780.7278     7.9455   yes
     253     1.7081     5.5375    66.0341    42.7963  3029.2954     7.6893   yes
     254     1.7423     5.7302    69.3559    42.6913  2827.5254     7.9271   yes
     255     1.6472     4.0956    62.1314    39.3038  1856.1444     2.9722    no
     256     1.7729     7.6806    69.0813    45.5886  2719.7981     5.6366   yes
     257     1.8177     8.1756    73.7923    45.3642  1201.0249     6.0608   yes
     258     1.6653     5.5116    52.6726    41.2380  2549.9692     7.1418   yes
     259     1.7507     6.9915    70.3410    42.9143  2891.4248     8.1599   yes
     260     1.7428     6.6819    80.5631    42.4208  2189.0977     9.0766   yes
     261     1.7087     7.2316    79.4452    44.6817  3689.4487     6.8208   yes
     262     1.7424     7.5590    75.0373    43.8598  3582.3027     9.0083   yes
     263     1.6964     5.6185    58.4358    41.6662  2784.1282     6.8939   yes
     264     1.6461     4.5559    49.1663    40.2279  3847.6355     4.9370    no
     265     1.6026     4.7746    54.8561    41.6293  1263.6091     4.2737    no
     266     1.6758     5.2197    64.3607    40.7346  2183.0828     5.2621   yes
     267     1.6868     5.4395    55.1261    40.9398  3058.1782     6.4951   yes
     268     1.9228    10.2504    83.0791    47.8646  3065.9534     0.4061    no
     269     1.4859     4.2069    45.4130    39.1728  1266.0540     0.5968    no
     270     1.7318     6.5232    69.3374    43.4834  2731.4910     8.2814   yes
     271     1.8596    10.1634    96.1557    47.1984  2687.5020     2.4233    no
     272     1.7020     5.2547    63.0817    40.8738  3178.5854     4.5584    no
     273     1.7506     5.6448    72.4237    42.2141  1765.6155     8.0001   yes
     274     1.7835     7.4365    83.2052    45.7859  2618.6794     6.7863   yes
     275     1.7356     6.9976    70.5651    41.7672  2518.2449     9.2087   yes
     276     1.7943     6.7743    73.3217    44.6239  2533.4624     8.2355   yes
     277     1.7570     6.6230    60.5812    42.8306  3099.9568     9.7923   yes
     278     1.8277    10.1214    77.4642    45.5408  2447.0840     4.0474    no
     279     1.7669     8.3998    80.5586    45.3281  2288.7424     4.2629    no
     280     1.7610     6.3830    63.6107    42.3103  2950.3027     7.9198   yes
     281     1.7495     6.8815    77.2096    43.8878  2600.7510     8.8161   yes
     282     1.5913     4.5809    42.6024    39.6747  2079.0522     2.9461    no
     283     1.7114     5.6496    67.4415    42.4581  2594.2012     7.5210   yes
     284     1.7193     5.7232    61.5045    42.0509  3015.0107     7.8802   yes
     285     1.6741     5.4255    56.8520    42.0473  2704.4141     7.0457   yes
     286     1.7915     7.0131    67.4829    45.0979  2740.3855     8.5884   yes
     287     1.6495     4.7055    58.0995    40.7881  2343.1450     4.8744    no
     288     1.7771     9.1974    91.0061    47.1056  2665.1243     2.9319    no
     289     1.6349     5.1003    63.1537    41.3270  3125.3879     4.9271    no
     290     1.7668     6.7955    74.3857    43.8462  2474.9407     8.8094   yes
     291     1.6850     4.8630    52.7705    40.9040  1685.0465     4.8957    no
     292     1.8214     8.4617    75.2501    47.1404  2671.3389     4.6010    no
     293     1.7975    10.4265    83.9300    47.1107  3076.0303     2.6519    no
     294     1.8053     8.3062    73.2521    45.0654  2238.5227     5.8853   yes
     295     1.7363     6.7398    76.7512    44.1235  2304.2356     8.6226   yes
     296     1.6342     4.5221    49.8262    40.0851  2493.3904     3.9651    no
     297     1.6867     5.1357    46.6011    39.6038  1553.0848     4.8997    no
     298     1.7334     5.2550    53.5320    40.9586  2425.5376     4.7114    no
     299     1.7008     5.1043    52.8338    39.8621  2336.0698     5.4645   yes
     300     1.5783     4.0818    48.3017    37.1480  1898.3854     1.2670    no
     301     1.6525     5.0920    60.5885    40.9662  2286.5256     4.8275    no
     302     1.6443     4.9298    64.3390    40.9465  3036.7390     4.9619    no
     303     1.7944     7.9767    83.8646    45.4988  2196.1318     6.6735   yes
     304     1.6098     4.9514    59.7359    41.6598  2230.2856     6.1397   yes
     305     1.7541     6.5984    70.3108    43.7326  2637.8245     8.6990   yes
     306     1.8051     8.2492    93.5714    46.5621  2520.9075     4.8944    no
     307     1.7725     6.6419    66.9047    43.2338  1269.9115     8.3344   yes
     308     1.6981     5.5310    65.0983    42.2106  1568.7458     7.6330   yes
     309     1.7335     6.9104    71.1056    42.9947  2930.6772     8.3548   yes
     310     1.5612     3.9385    53.1371    38.9816  2458.8303     0.8255    no
     311     1.8148     9.0821    80.5594    46.6538  2497.2119     4.4053    no
     312     1.8087    10.0173    82.9229    47.2049  3461.5532     1.4877    no
     313     1.7029     5.8851    69.9965    43.6731  1863.3160     8.6650   yes
     314     1.6470     4.7750    62.1499    38.9480  2040.2560     3.2941    no
     315     1.7465     5.6993    70.4427    43.1370  2453.5120     8.8608   yes
     316     1.7210     7.2166    66.5927    42.6084  2592.4727     9.0136   yes
     317     1.5880     4.6247    47.3426    38.9668  1684.4570     0.5492    no
     318     1.7312     5.9879    67.8844    43.3652  2144.3625     8.0269   yes
     319     1.8093     8.4108    84.0461    46.2956  2689.6653     3.4848    no
     320     1.5586     4.0336    55.3134    38.7014  2287.1116     1.2621    no
     321     1.7321     6.4604    69.2507    42.5533  3862.7202     9.4869   yes
     322     1.7295     6.6147    65.4403    42.3596  2593.9451     9.2326   yes
     323     1.6788     5.1576    69.1204    41.0623  2303.4949     6.0476   yes
     324     1.8185     9.7132    91.0400    48.3630  1631.9877     2.8486    no
     325     1.7885     6.7054    72.1884    41.6939  2258.1768     9.0268   yes
     326     1.7071     4.8679    61.5660    41.7688  2553.8206     7.1656   yes
     327     1.6257     4.9547    61.4749    39.9529  1815.3335     1.8166    no
     328     1.7723     7.2494    72.8871    43.1608  2895.4106     8.8981   yes
     329     1.6383     4.5234    56.1527    40.7133  2326.8037     4.1089    no
     330     1.5291     4.2116    53.1553    38.1419  2198.6807     1.3471    no
     331     1.7882     6.4019    67.1002    42.1437  2921.0693     8.3766   yes
     332     1.8920     9.6168    91.0032    47.6733  2285.4893     1.8608    no
     333     1.7427     7.2206    66.3723    43.2485  2831.3481     8.2721   yes
     334     1.7202     4.8300    71.0397    41.8728  3377.8262     6.7909   yes
     335     1.6531     5.1158    44.5977    39.7909  1642.0919     3.4319    no
     336     1.7557     6.2460    66.5233    42.6453  2841.1338     8.3824   yes
     337     1.7041     5.5872    59.7211    41.7256  3308.5674     8.6575   yes
     338     1.6960     4.1341    58.4802    40.7819  3832.2727     3.9283    no
     339     1.7286     6.9203    58.3615    42.0678  2518.5425     8.7590   yes
     340     1.7386     6.3633    75.1269    42.1331  2624.8464     9.1519   yes
     341     1.6438     4.7604    60.3437    38.7027  3103.1101     3.9567    no
     342     1.8931    10.5813    95.1380    48.8955  2990.3416     0.9101    no
     343     1.7181     5.1771    63.2260    41.6121  1756.1997     6.3348   yes
     344     1.6354     4.0889    62.0308    39.4501  1629.3719     1.9502    no
     345     1.7159     5.6558    61.0540    42.6310  1688.4247     7.3963   yes
     346     1.7470     6.8914    56.8143    44.1503  2905.7300     9.7231   yes
     347     1.6166     4.1085    52.2055    39.6091  2221.4871     1.8180    no
     348     1.7830     8.9219    84.8065    46.9558  2532.4504     3.7224    no
     349     1.7952     6.8197    66.3000    43.2804  1370.1884     8.1758   yes
     350     1.6587     5.6966    71.9038    43.3905  3441.6128     7.0112   yes
     351     1.7868     6.4729    70.5061    43.2271  3057.4917     9.1896   yes
     352     1.7320     6.9913    56.6672    43.2023  2242.0610     8.3862   yes
     353     1.6441     4.6178    50.9832    40.1741  3307.1548     3.3063    no
     354     1.6028     4.7334    53.5140    37.2285  2754.8594     1.6727    no
     355     1.7810     8.1614    85.9304    46.3832  2031.2556     6.6268   yes
     356     1.7565     8.7988    81.9789    44.9622  2237.5625     5.4970   yes
     357     1.6088     4.0601    45.6213    39.3450  2460.2539     2.4811    no
     358     1.6735     5.5673    61.3070    41.8429  2585.6880     7.3348   yes
     359     1.7400     6.8503    78.5048    42.4112  2568.3008     8.4957   yes
     360     1.5374     4.1753    53.3679    38.1773  2481.5801     0.8345    no
     361     1.7934     7.2096    73.0653    43.8550  1946.9261     8.8056   yes
     362     1.7164     4.5209    50.8617    39.9224  2008.9999     4.8916    no
     363     1.7505     6.3100    71.2781    41.5650  1961.3506     8.2604   yes
     364     1.6444     4.6844    55.4503    40.9375  2156.4688     5.2397   yes
     365     1.7272     5.6297    65.0093    42.2718  2319.6934     5.9928   yes
     366     1.7112     5.8341    81.6900    42.1460  2122.6111     8.3588   yes
     367     1.8717     9.5903    85.3930    47.5412  2330.5691     3.0481    no
     368     1.6813     5.9814    69.0098    40.5146  2150.9724     8.4541   yes
     369     1.6798     5.6178    52.2346    41.3432  1769.2008     7.5051   yes
     370     1.7907     6.0912    72.6169    43.0248  2651.2202     9.4037   yes
     371     1.7451     7.3451    77.7281    45.7885  2011.9441     7.0107   yes
     372     1.6877     4.9536    54.4250    40.3770  2307.6028     5.2405   yes
     373     1.6862     5.1117    66.1721    41.1172  3274.7830     6.9784   yes
     374     1.6689     5.4346    59.6606    41.1747  2538.2532     6.5253   yes
     375     1.7751     7.7746    82.2997    45.3181  2511.8992     6.3976   yes
     376     1.7704     8.7482    79.3601    45.3050  2167.5190     4.4285    no
     377     1.8455     9.0800    88.6772    47.0591  2867.2903     2.1254    no
     378     1.7762     7.5470    72.0239    45.4309  2067.4985     7.7104   yes
     379     1.6757     4.9987    54.8655    40.2662  3727.4465     4.2148    no
     380     1.8519     9.6029    78.0022    48.3631  2233.0925     1.9618    no
     381     1.7105     6.7582    60.7923    44.2008  2663.9067     7.9449   yes
     382     1.7358     6.7846    79.9663    43.4606  1990.6860     8.5815   yes
     383     1.7213     5.3452    73.5835    43.7173  1953.9047     8.0260   yes
     384     1.7274     7.1484    72.1902    44.2067  3591.5295     7.8209   yes
     385     1.7584     5.8256    69.7802    42.6895  3225.8760     9.1032   yes
     386     1.5403     3.8752    40.6551    39.7330  1732.7451     0.5048    no
     387     1.6109     5.1397    61.8671    40.9350  3201.6277     5.3581   yes
     388     1.7126     6.7065    58.9193    42.5222  3163.6003     8.3237   yes
     389     1.7730     6.4303    66.0729    42.5093  1013.4366     8.6489   yes
     390     1.7211     6.4618    69.1817    41.7141  2298.3831     9.4904   yes
     391     1.8049     8.2201    73.9450    44.8902  1732.7626     4.7178    no
     392     1.6350     4.9104    59.2533    39.6887  2740.7637     4.2401    no
     393     1.7841     7.0538    74.9465    41.9175  1934.4797     8.5750   yes
     394     1.5517     4.5262    45.2937    37.6481  1607.7253     1.2467    no
     395     1.9331    10.6003    91.9222    47.9845  1955.2495     0.5039    no
     396     1.6991     5.8977    54.6104    42.2524   637.2219     6.8032   yes
     397     1.7504     5.8301    63.5249    43.5392  2682.9895     7.7004   yes
     398     1.5409     4.4604    42.6081    38.1879  1414.1650     0.8744    no
     399     1.7671     5.7181    65.4994    41.8907  1963.3252     8.5696   yes
     400     1.7653     6.1697    70.7027    42.7847  2949.4731     8.9064   yes
     401     1.7585     6.1374    60.9015    42.0596  2982.3115     8.7382   yes
     402     1.7677     6.7295    76.1996    42.3928  2306.0281     8.7764   yes
     403     1.6024     4.7497    51.1764    38.6104  2345.7007     2.6461    no
     404     1.6895     6.9439    76.0236    42.3948  1651.6503     9.6307   yes
     405     1.6877     5.3931    68.4524    41.1054  2170.5686     5.8053   yes
     406     1.5601     4.2238    58.4194    39.5950  2670.3984     0.6603    no
     407     1.5496     4.3392    48.4294    38.1747  2177.2527     0.9119    no
     408     1.6303     4.9183    52.5610    40.8420  3351.7742     5.5255   yes
     409     1.7246     7.1633    74.0285    43.9330  3196.4724     7.6685   yes
     410     1.6404     4.7941    54.3260    38.6637  2604.9072     3.2856    no
     411     1.6934     6.2556    65.8324    41.6100  1420.3143     7.2778   yes
     412     1.8439     8.7175    79.9143    46.7386  3029.8579     3.3000    no
     413     1.7522     7.1409    71.2811    44.1300  2539.6592     8.1410   yes
     414     1.7961     7.2441    72.5780    44.5837  2552.0879     8.8228   yes
     415     1.7766     6.9319    82.0572    44.0575  3131.8062     7.5427   yes
     416     1.7977     8.6694    88.3706    46.6192  2092.6777     4.5401    no
     417     1.6319     4.7996    54.0234    39.7992  1609.2241     4.2587    no
     418     1.7609     7.3343    68.1497    43.6607  2395.3042     7.3750   yes
     419     1.7445     6.9630    64.8643    42.3608  1567.0541     8.6465   yes
     420     1.5459     4.0008    45.5519    38.2144  2619.2930     1.1091    no
     421     1.7541     6.6608    58.8803    42.3830  2290.6025     8.5569   yes
     422     1.6053     4.4712    60.2197    38.9416  2134.7192     1.3466    no
     423     1.7552     5.9907    69.8210    41.9023  2298.6936     7.9459   yes
     424     1.7862     7.9616    67.1559    45.5310  3360.9290     7.2095   yes
     425     1.6400     5.5747    66.9315    41.7831  2878.0867     7.4251   yes
     426     1.6169     5.3746    61.3897    40.9505  3019.8840     4.0794    no
     427     1.7505     6.9688    69.8900    43.2259  1680.0979     9.2918   yes
     428     1.6779     5.8622    66.4950    42.5451  2357.1646     6.5317   yes
     429     1.8614     9.5751    83.5764    47.4461  2272.0457     2.1242    no
     430     1.8263     9.3944    82.6197    46.1865  2840.8357     2.3130    no
     431     1.8704    10.7499    85.6377    47.8190  2160.0693     0.9644    no
     432     1.7389     6.0859    69.9103    41.5077  1930.6897     8.3481   yes
     433     1.8514     9.5626    82.5820    46.9048  2066.9531     3.4863    no
     434     1.7216     6.1342    76.0878    42.5406  1933.0703     8.4763   yes
     435     1.7192     5.7846    65.6998    43.7913  1953.9811     7.6460   yes
     436     1.8157     7.6506    88.1852    45.7051  2987.3113     6.5630   yes
     437     1.6940     7.0470    73.9698    43.7375  1932.0508     9.2564   yes
     438     1.6982     5.6757    67.5076    42.5779  1583.2130     6.9207   yes
     439     1.8023     8.2331    72.0166    46.2661  3237.6553     6.0399   yes
     440     1.7375     6.3412    66.8487    42.4019  2388.9939     8.1154   yes
     441     1.7435     5.9376    58.6137    41.5325  1913.4871     7.6552   yes
     442     1.7573     7.2422    72.7277    43.7365  2003.6682     8.4150   yes
     443     1.6180     4.3389    39.9436    38.4028  2910.7803     2.5397    no
     444     1.6932     5.0708    61.0695    39.7995  2725.5286     5.0926   yes
     445     1.6836     5.0930    62.3096    42.5549  3334.4207     7.2975   yes
     446     1.6282     4.8503    48.7811    38.6814  2816.4658     1.5711    no
     447     1.7782     6.7212    55.5099    43.4394  2111.3555     9.0047   yes
     448     1.7662     6.5901    82.7655    44.3973  1943.5281     8.1022   yes
     449     1.6780     5.3360    45.4778    39.7989  1424.0778     1.8567    no
     450     1.7616     6.5238    71.5085    42.5755  2400.5662     8.7216   yes
     451     1.8089     9.8017    83.8403    47.1015  2706.3477     4.3312    no
     452     1.6319     4.3215    57.5334    39.5477  2621.2100     3.1955    no
     453     1.7505     8.4761    96.1828    45.2463  2290.3562     5.2303   yes
     454     1.7680     7.4784    76.4881    43.5668  1956.4565     9.9331   yes
     455     1.7310     6.5675    67.3025    43.1664  2287.5815     8.6136   yes
     456     1.6529     4.2233    54.9907    39.6431  2951.8076     3.1528    no
     457     1.8140     8.8354    87.0403    45.5578  2382.6204     2.3847    no
     458     1.8895     9.8377    84.4024    45.8137  2026.4993     4.3125    no
     459     1.7050     5.1778    59.1981    41.4234  1931.3442     7.7827   yes
     460     1.7365     5.4731    58.2773    41.5712  3092.2666     6.9545   yes
     461     1.7950     7.3845    76.0634    46.7873  2641.2424     7.4632   yes
     462     1.7440     6.5670    73.8503    41.8695  2505.5107     9.9993   yes
     463     1.8198     8.4672    88.0050    46.9475  3178.5356     5.5354   yes
     464     1.7300     7.1225    81.9149    44.7132  2849.4626     8.3714   yes
     465     1.8315     9.2207    79.9796    46.4272  2469.6060     2.0814    no
     466     1.8206     6.7592    67.6641    41.7799  2877.8125     8.2087   yes
     467     1.6827     6.3814    63.7091    41.5241  2534.5725     8.3399   yes
     468     1.7376     6.8094    74.0737    44.5356  1453.2063     8.5646   yes
     469     1.6378     5.3150    70.1345    41.4638  2977.2451     6.3948   yes
     470     1.5513     4.1287    47.5360    38.4009  2170.2834     1.1682    no
     471     1.6590     5.3083    64.1856    42.5440  1998.6531     6.8057   yes
     472     1.5638     4.6808    53.0352    38.9598  2821.9236     1.7220    no
     473     1.7546     6.6902    61.8518    43.3559  2468.6646     8.6308   yes
     474     1.8286     8.8859    82.1318    46.8597  2497.6433     4.2153    no
     475     1.7520     7.6129    75.4679    44.3880  2965.5630     8.1405   yes
     476     1.6751     5.6437    63.6862    42.5240  2385.3240     8.8886   yes
     477     1.7150     5.7230    65.6787    42.6581  2399.2808     8.7276   yes
     478     1.7270     7.9453    81.3209    46.7395  2766.3713     7.8978   yes
     479     1.6378     5.5276    54.7771    40.6908  3230.4797     4.3695    no
     480     1.6741     4.5360    46.9604    38.3918  2398.7754     1.4305    no
     481     1.6701     5.9836    67.9763    41.7830  3051.0337     7.5657   yes
     482     1.7432     6.8981    71.3450    44.9485  2607.2947     8.7216   yes
     483     1.6647     5.2859    62.1140    40.1920  2138.8616     3.6408    no
     484     1.6439     4.2908    61.6830    40.3642  3287.7375     4.5417    no
     485     1.7736     7.0073    65.4476    43.1993  2024.1924     8.4982   yes
     486     1.6722     5.3626    64.2017    39.8666  2329.9595     6.0466   yes
     487     1.6025     4.7973    52.8601    38.1586  2579.3081     1.4503    no
     488     1.7705     7.8278    78.8685    45.3712  3411.4609     6.4055   yes
     489     1.7111     6.6246    72.9511    41.5920  2389.9492     9.7067   yes
     490     1.7430     5.6386    60.1427    41.7233  3135.9727     7.8969   yes
     491     1.7934     7.6935    77.3544    44.5611  2286.1143     5.3374   yes
     492     1.9030    10.6288    89.0054    46.9622  2084.1943     0.4343    no
     493     1.7437     6.4468    68.1215    41.4633  3312.8811     9.0995   yes
     494     1.7237     6.2751    75.2111    43.9168  1662.9413     9.3591   yes
     495     1.6410     4.4794    61.5962    39.7943  2970.7656     1.3878    no
     496     1.6885     4.7378    54.8188    40.5775  2217.1836     4.5367    no
     497     1.7795     7.4902    72.3507    45.7478  2186.2766     6.0494   yes
     498     1.7368     5.8772    57.5158    42.7599  3402.0737     8.3964   yes
     499     1.7635     7.1404    71.1328    43.6938  2647.8452     6.9280   yes
     500     1.8535     8.8203    77.5788    47.2197  1881.0287     3.6078    no
     501     1.7400     5.2706    62.7138    42.9822  1398.7896     7.8840   yes
     502     1.6916     5.0032    64.6917    41.9930  2503.6838     7.8151   yes
     503     1.5603     4.0705    40.6080    39.1909  2677.6350     0.8476    no
     504     1.7035     5.9088    69.4153    43.3838  2439.6594     8.8874   yes
     505     1.8186     7.0402    75.3392    43.5333  2910.6387     8.4878   yes
     506     1.7706     6.8192    73.0146    43.8612  1926.8865     7.5528   yes
     507     1.8626    10.0618    79.3665    47.3281  2991.0942     2.3869    no
     508     1.7035     5.5718    63.6464    42.2776  3203.4058     5.5675   yes
     509     1.6353     4.5408    57.3258    40.1287  1579.0033     2.9310    no
     510     1.7283     6.6205    71.4985    44.3159  2661.1973     8.4082   yes
     511     1.6984     6.6715    63.1089    43.3835  1441.0386     8.9328   yes
     512     1.7870     7.2901    72.9715    43.7105  1927.8243     7.9139   yes
     513     1.7949     8.7931    68.9427    46.1046  2023.9844     5.4747   yes
     514     1.5512     4.1220    51.9038    38.2839  2182.9463     2.1854    no
     515     1.7843     8.2126    73.1250    45.5027  3046.5217     5.9087   yes
     516     1.7806     9.1199    79.1857    47.0993  2707.8167     3.8545    no
     517     1.7832     7.3852    72.8509    43.0212  2933.7466     8.7201   yes
     518     1.6840     5.0948    50.6151    40.0032  2349.9792     3.1643    no
     519     1.5830     3.9190    53.1922    37.5405  2339.4072     1.6178    no
     520     1.7482     6.7907    58.6661    43.7325  2700.1079     8.3016   yes
     521     1.6898     4.9233    57.1466    40.1669  1861.3359     5.4703   yes
     522     1.7633     7.3252    82.8177    44.7832  2765.8501     7.5668   yes
     523     1.5868     4.6802    52.3876    39.1099  3129.1533     3.1561    no
     524     1.6478     4.6468    62.3366    40.8485  3603.7078     4.4710    no
     525     1.8559    10.1993    87.5889    47.0457  1915.0653     1.7346    no
     526     1.7263     6.3219    69.2645    42.4452  3030.3389     9.0548   yes
     527     1.5489     4.1091    65.2913    39.0058  2891.1831     1.2346    no
     528     1.7183     7.0191    73.7598    43.5461  1895.4095     8.5167   yes
     529     1.7500     7.3396    75.2876    45.6125  1907.5575     8.4109   yes
     530     1.7753     8.9354    84.7179    46.2839  2861.7043     4.6754    no
     531     1.7069     6.0531    73.0406    43.7665  2646.8840     8.9691   yes
     532     1.8177     9.7571    80.6868    47.2626  2270.9473     1.9034    no
     533     1.7353     6.1851    59.9865    43.2943  1586.1058     8.8555   yes
     534     1.7140     7.3133    88.4095    44.8199  2240.3152     8.8980   yes
     535     1.9224    10.4174    93.7225    48.2422  3670.2131     0.8885    no
     536     1.7549     5.7959    71.0758    41.4417  2918.7812     7.7941   yes
     537     1.7260     5.8544    71.6917    41.4241  2335.8962     8.4344   yes
     538     1.7143     7.2898    72.3879    45.3182  2177.1572     7.5398   yes
     539     1.7055     6.0917    58.0949    41.7177   886.6483     7.5686   yes
     540     1.5612     4.4386    35.5730    37.9362  1559.7722     0.7464    no
     541     1.6914     6.4568    56.8597    41.8587  2855.6294     8.9584   yes
     542     1.6550     5.2042    54.2183    38.8696  3431.1265     2.5199    no
     543     1.5656     4.0949    58.9536    39.6488  2615.0706     0.6748    no
     544     1.7355     6.7886    74.0034    44.5954  2423.0347     8.9404   yes
     545     1.5814     4.6959    39.8860    38.7143  2540.1689     1.7544    no
     546     1.6230     4.5083    65.5717    39.8410  1650.4182     4.5659    no
     547     1.6223     5.0018    54.3287    40.0072  3340.9253     4.3974    no
     548     1.7975     7.1982    72.4072    43.2613  2160.0330     8.7860   yes
     549     1.7077     5.2865    67.9928    41.4017  2109.6541     7.6767   yes
     550     1.8799    10.4690    93.9621    49.8022  2997.6470     0.8431    no
     551     1.6786     5.6192    68.4801    40.1401  2241.6313     7.2136   yes
     552     1.5934     4.6021    56.4029    40.1170  1442.2509     1.8625    no
     553     1.7432     6.9446    73.3350    43.1495  2032.2842     8.3272   yes
     554     1.8879    10.6439    81.3734    48.7288  3064.8938     1.0321    no
     555     1.7456     6.1974    70.4643    42.0554  2251.1099     9.5266   yes
     556     1.6002     5.0600    49.2022    39.1467  2450.7251     2.5046    no
     557     1.6364     4.8844    54.9929    40.2906  3623.0134     2.4922    no
     558     1.7970     9.0579    81.1685    47.3417  2488.1626     3.6148    no
     559     1.6319     4.8218    59.5137    41.3805  1929.8425     3.7599    no
     560     1.7700     7.4527    76.7889    45.5683  3493.2197     6.4487   yes
     561     1.7664     5.5949    52.5024    41.0714  3170.9893     7.8959   yes
     562     1.7716     9.1946    81.7568    46.0520  2003.3263     3.1495    no
     563     1.7900     7.4571    78.5754    44.4471  2391.2512     7.0429   yes
     564     1.7008     6.3841    70.8017    42.9181  2679.1191     9.2410   yes
     565     1.7156     5.4696    69.0092    42.0656  2668.6038     7.5487   yes
     566     1.8824     9.5874    81.4775    47.5517  3263.2344     3.0327    no
     567     1.7632     6.6514    79.4464    42.4567  2767.2837     9.2899   yes
     568     1.6532     4.8195    47.5104    39.2059  2071.6941     2.9354    no
     569     1.6494     4.8134    46.9977    39.2289  3251.2754     3.6197    no
     570     1.6439     4.6588    49.8854    38.6758  2918.3438     2.5205    no
     571     1.7727     6.7577    84.6614    44.3304  3224.7251     7.9993   yes
     572     1.7551     8.2608    75.4859    44.7151  1914.4167     5.8021   yes
     573     1.8453     9.6346    82.6528    48.3399  1778.9492     2.0960    no
     574     1.6921     5.7414    63.5808    41.8924  1687.4122     8.8755   yes
     575     1.7131     5.1925    50.7095    40.9303  2177.1238     5.8950   yes
     576     1.6165     4.8162    57.8294    39.5840  2148.8977     3.7544    no
     577     1.6715     4.3225    55.7701    39.1369  3060.9915     2.3450    no
     578     1.7446     5.1596    57.9440    41.1184  2227.9658     5.8811   yes
     579     1.6205     4.5708    54.7182    38.6307  2876.1160     1.4932    no
     580     1.7397     5.8889    67.5505    43.8208  2341.7483     8.8343   yes
     581     1.8064     8.4910    85.1901    44.8054  1241.6420     5.4526   yes
     582     1.7026     7.4772    75.6017    44.3615  2114.4568     8.3893   yes
     583     1.6983     4.8840    55.7366    41.1376  1924.9606     6.4256   yes
     584     1.7301     6.8352    66.4670    42.2831  3661.4548     9.8946   yes
     585     1.7194     5.6394    74.7461    41.3415  2813.7791     8.2105   yes
     586     1.7493     6.9414    69.6472    43.4313  2278.1511     8.9233   yes
     587     1.7571     6.9845    67.8577    43.4697  1826.9989     7.8987   yes
     588     1.8073     8.3600    73.8758    46.0419  2198.5515     6.5642   yes
     589     1.7489     6.8193    62.8741    42.9987  2313.4077     9.0777   yes
     590     1.6746     4.9317    52.0342    40.4938  1981.6550     3.5976    no
     591     1.7580     7.9941    79.9865    46.1753  2285.1968     6.4769   yes
     592     1.8458     9.0178    89.6117    46.9755  3059.7844     3.6275    no
     593     1.7624     6.8946    72.6232    45.2262  1846.0807     7.2200   yes
     594     1.8370     9.7376    85.5526    47.2035  2535.6514     2.9222    no
     595     1.7945     9.1999    68.5133    46.4733  3035.1794     3.3148    no
     596     1.7806     8.7110    79.0960    47.6329  1884.5022     3.3639    no
     597     1.7752     7.8723    73.4600    45.4155  1910.8083     6.6696   yes
     598     1.7966     6.6169    81.0768    41.9548  2096.0608     9.5017   yes
     599     1.7043     6.5221    67.6848    41.8496  3694.6030     9.5181   yes
     600     1.6138     4.5361    61.1697    39.3134  3003.3877     2.0837    no
     601     1.8413     9.3275    76.5099    46.0853  3385.9832     3.3706    no
     602     1.6924     4.8122    59.1960    41.5084  2745.2812     4.5803    no
     603     1.7876     7.1012    80.9658    43.5829  2982.0317     9.6531   yes
     604     1.7207     8.2392    89.4745    46.6364  2720.5149     4.7873    no
     605     1.7121     7.4361    81.0213    44.8432  1963.7648     8.1699   yes
     606     1.7289     5.4975    53.0199    41.1857  1764.7058     7.7169   yes
     607     1.9045    10.4630    90.3813    47.3387  2597.8760     1.1402    no
     608     1.7389     5.7719    58.1908    42.4015  3923.3303     7.0362   yes
     609     1.6161     4.3756    50.5634    41.2011  3135.2266     4.0823    no
     610     1.7242     7.5119    72.3337    45.0831  2427.4360     6.4095   yes
     611     1.6461     5.1208    54.5323    41.8813  3348.1794     5.7745   yes
     612     1.7301     5.9944    65.3559    43.2048  2179.0247     8.3313   yes
     613     1.5406     4.4463    52.0432    38.9111  2566.0371     0.7497    no
     614     1.7852     8.4650    74.0323    47.0901  1914.8652     3.6438    no
     615     1.6467     4.8355    74.8187    40.2547  3454.3213     5.1980   yes
     616     1.7113     5.1600    62.6494    42.1526  2379.8191     8.1075   yes
     617     1.6184     4.8842    63.9883    40.2805  2050.3298     4.4612    no
     618     1.6325     4.5268    49.5522    38.4448  2152.1450     3.2485    no
     619     1.8183     8.9998    83.7085    46.1550  1658.3712     4.1560    no
     620     1.7649     6.7438    74.8794    42.9915  3154.0337     8.0563   yes
     621     1.7324     5.3675    62.5924    40.9216  2508.4202     6.5075   yes
     622     1.7989     6.9367    66.9986    43.3769  2792.8210     9.2698   yes
     623     1.7052     5.6634    65.8461    42.1459  2066.2222     5.8869   yes
     624     1.7609     7.7547    71.9766    44.8237  2283.0403     6.0587   yes
     625     1.8275     7.8099    73.9479    45.5833  1614.7983     6.6081   yes
     626     1.6778     5.5571    57.1877    41.4952  3409.4458     8.2349   yes
     627     1.8618    10.0520    84.7305    48.5447  1526.5094     2.4640    no
     628     1.7438     7.5776    74.3318    42.8011  1605.5276     8.6600   yes
     629     1.4866     4.4462    52.7889    38.7126  2747.6807     0.6916    no
     630     1.7323     6.6052    74.7041    43.4832  3572.9697     8.9441   yes
     631     1.6524     4.7134    55.4795    39.0289  2903.3435     3.2598    no
     632     1.5733     4.2520    60.2384    38.3422  1818.2906     1.3528    no
     633     1.7620     6.8669    71.4742    42.5809  2266.8081     8.5949   yes
     634     1.7453     7.5621    73.8034    44.2517  2137.4734     7.9510   yes
     635     1.7879     6.7236    72.9661    43.0581  3155.6797     9.7612   yes
     636     1.7979     8.6770    83.3679    46.5630  2344.7515     4.5100    no
     637     1.7162     5.3226    74.3707    43.1779  1187.7198     8.3447   yes
     638     1.8089     7.1049    68.7155    43.7629  2367.1538     7.7932   yes
     639     1.8992    10.2212    84.0752    48.5841  2700.2349     0.8774    no
     640     1.7159     5.4739    52.2478    42.4161  1877.5089     7.8455   yes
     641     1.9045    10.6489    87.0103    48.6871  3778.2266     1.3158    no
     642     1.7369     7.0229    78.0529    43.1452  2428.7136     7.3988   yes
     643     1.7136     7.1519    61.5412    41.7983  1997.8662     9.2558   yes
     644     1.6513     4.9313    60.8725    40.2711  3158.1165     5.1514   yes
     645     1.7814     8.4023    74.7986    45.2268  1844.2770     3.5004    no
     646     1.7743     6.1430    62.1989    42.4809  1770.6001     8.0964   yes
     647     1.5902     4.2277    48.7104    38.5653  2271.8228     1.4775    no
     648     1.5195     4.3203    56.0406    37.9917  3394.8987     1.0249    no
     649     1.5972     4.3856    50.2275    39.8348  2989.8662     2.1369    no
     650     1.7774     6.7681    71.1943    42.6174  2953.4326     9.1907   yes
     651     1.6582     5.4839    67.0625    39.4723  2604.4021     6.0647   yes
     652     1.7837     7.5040    73.6490    44.3794  1751.9232     7.6321   yes
     653     1.7542     8.1174    69.9084    46.0384  2872.3130     6.2985   yes
     654     1.7695     9.6616    87.7505    46.3707  1918.7423     3.2507    no
     655     1.8198     9.1977    82.4282    45.4722  2150.5452     3.9068    no
     656     1.7401     5.5754    70.1570    43.1768  2094.6255     7.7784   yes
     657     1.7465     9.5009    86.9952    47.0996  2846.5627     3.3039    no
     658     1.8684     9.7256    92.1095    47.4362  1924.3230     3.2044    no
     659     1.6467     5.0626    58.2617    40.9808  2171.2485     4.9620    no
     660     1.4985     4.3336    50.4362    38.1401  2930.9207     1.8419    no
     661     1.7451     6.5744    71.6836    41.3512  2379.0583     8.8721   yes
     662     1.7624     7.6464    74.0320    44.7137  3172.1604     6.5857   yes
     663     1.7849    10.0192    86.4258    48.9564  2899.0579     2.7396    no
     664     1.7377     7.2548    75.1241    44.0803  2473.3850     6.8868   yes
     665     1.7513     6.8610    72.6927    41.2113  1856.4467     8.8803   yes
     666     1.7166     5.2014    60.9116    41.1290  2309.2397     6.9802   yes
     667     1.6427     4.9974    53.8052    40.2913  1945.6930     4.7772    no
     668     1.6160     4.9636    41.4721    38.7352  2957.5093     3.3482    no
     669     1.7763     8.1420    66.2123    46.5873  2658.3386     5.4850   yes
     670     1.7757     7.9162    77.1779    44.3810  2812.6311     7.1783   yes
     671     1.6572     4.6292    55.7213    39.9312  2475.6313     3.9775    no
     672     1.9139    10.4336    85.9568    47.8874  1690.3412     1.2310    no
     673     1.7028     5.1363    63.9323    39.6498  1859.5024     4.7957    no
     674     1.7338     7.7125    73.7160    45.2576  1183.2085     8.0194   yes
     675     1.7387     5.9309    61.6439    42.0917  1413.1359     8.6931   yes
     676     1.7366     5.9269    73.9011    41.8537  2817.1672     8.6648   yes
     677     1.8247     8.9230    75.9690    47.7821  1165.3474     3.0695    no
     678     1.6863     5.2436    61.8271    41.1181  2697.7659     5.5057   yes
     679     1.9261    10.4451    94.7553    47.1127  3190.9675     1.2390    no
     680     1.8266    10.3458    83.1657    47.9522  2942.1587     1.6489    no
     681     1.7078     5.3972    69.1062    43.1951  2121.8306     8.5410   yes
     682     1.8191     8.9673    93.3331    47.3825  2022.0345     5.3473   yes
     683     1.6040     4.7692    55.5338    38.7783  1868.7089     1.9638    no
     684     1.6642     5.0294    61.6784    41.4513  3277.3398     5.7347   yes
     685     1.7420     5.1023    60.5924    42.1896  1965.7284     7.1124   yes
     686     1.7141     5.3868    69.9607    42.1571  2427.5410     7.9976   yes
     687     1.7958     8.5478    84.8404    46.4720  2114.2070     5.2570   yes
     688     1.7554     8.9071    75.7562    46.3473  2797.2612     4.4432    no
     689     1.7617     7.2057    70.0726    43.8606  2155.0623     8.7605   yes
     690     1.7359     6.4505    66.6412    42.5633  3212.3311     9.2252   yes
     691     1.7194     6.9291    70.9993    42.9124  2137.4756     8.7462   yes
     692     1.6969     5.6182    65.6154    42.4323  1134.0989     7.7982   yes
     693     1.9041    10.3195    90.0000    47.9408  2098.5559     0.0363    no
     694     1.7319     8.3338    79.4303    46.3505  2211.1809     4.3064    no
     695     1.6926     5.6229    56.1167    40.5999  2265.4363     5.5877   yes
     696     1.7268     7.3647    74.6825    44.1271  2516.7944     8.8554   yes
     697     1.7130     5.1357    62.7390    42.2306  3223.1008     6.1439   yes
     698     1.7804     7.2095    74.8789    43.7161  3165.7000     9.1706   yes
     699     1.7684     6.0200    59.8155    43.1940  2628.6211     9.0278   yes
     700     1.7347     7.5624    73.7693    43.9276  3055.9021     7.5187   yes
     701     1.8993    10.7288    93.7227    46.5663  2158.3623     0.0939    no
     702     1.9159    10.8147    99.5694    48.6282  2725.6489     0.8836    no
     703     1.8610    11.3551    93.2417    47.8464  2942.4355     0.8910    no
     704     1.5986     4.3174    47.7363    39.0783  2974.1855     1.9571    no
     705     1.7551     6.8531    68.7448    44.4191  1812.1479     7.9151   yes
     706     1.7884     6.8763    71.5777    42.5799  2448.7131     9.8064   yes
     707     1.6634     5.1968    70.6815    41.9106  2915.9438     8.1998   yes
     708     1.6314     4.5637    58.5101    41.2597  2582.0449     5.3398   yes
     709     1.9304    10.7190    82.8904    48.6132  3161.2766     0.5619    no
     710     1.7901     6.8216    68.8462    42.7160  2697.4739     8.6600   yes
     711     1.7808     8.6002    82.9021    46.3341  1840.3282     4.1338    no
     712     1.7645     7.6295    78.1144    43.6381  2748.1550     8.1184   yes
     713     1.7411     6.3137    69.3696    43.4885  3356.3528     9.2705   yes
     714     1.7850     7.6444    83.9109    44.9625  1852.7780     6.3002   yes
     715     1.7370     6.1001    61.8960    41.7852  2427.0349     8.5360   yes
     716     1.5914     4.8360    46.6465    37.7206  2555.6145     0.7207    no
     717     1.7594     5.4774    45.2387    41.6677  2217.1897     5.7050   yes
     718     1.7680     6.9758    67.8747    43.8751  3036.0610     8.7056   yes
     719     1.7958     8.3211    76.7698    46.6380  1951.1637     5.5508   yes
     720     1.7822     6.9817    76.9171    44.2201  3059.8230     8.8272   yes
     721     1.7454     6.0281    79.1677    42.2876  2567.9119     8.1058   yes
     722     1.7460     7.0636    75.4640    42.9233  2884.7610     8.5730   yes
     723     1.8907    10.6816    87.7437    47.6602  2713.0994     2.0001    no
     724     1.7536     7.7005    77.1144    43.7643  2033.9021     8.9398   yes
     725     1.5161     4.2610    46.0646    37.4848  2644.7422     1.8486    no
     726     1.7038     5.6780    67.9398    42.6270  2476.3826     8.5291   yes
     727     1.8232     9.1437    80.3388    45.8522  3133.6628     2.9439    no
     728     1.8153     8.9050    93.7316    48.0925  3017.8411     3.4986    no
     729     1.8856    10.8403    95.9226    48.5714  3464.6868     1.4891    no
     730     1.7094     7.2997    78.5069    43.7452  2253.7385     7.9806   yes
     731     1.8631     9.7837    89.6288    46.8202  3469.7212     3.0805    no
     732     1.7857     9.0127    76.4673    46.0238  2330.0383     3.2871    no
     733     1.7992     9.4902    80.1105    47.1908  2275.6099     2.9221    no
     734     1.7081     4.6502    57.5155    41.1324  2635.8577     7.5025   yes
     735     1.7843     7.1255    86.2736    43.7546  1155.1329     8.3995   yes
     736     1.7614     6.9386    74.8407    43.0604  2111.5923    10.1773   yes
     737     1.6529     5.3920    51.7984    40.0990  1677.5956     4.7938    no
     738     1.8123     7.9772    79.2969    44.6160  1489.9612     5.3400   yes
     739     1.7515     5.5473    60.2034    42.6747  1215.0222     7.6422   yes
     740     1.7751     7.7083    84.9181    44.9229  2141.9084     7.2359   yes
     741     1.8035     8.3439    86.2477    46.2956  2384.6128     5.1352   yes
     742     1.5939     4.5582    54.3797    39.5200  2928.1538     2.2352    no
     743     1.8934     9.9213    79.1787    47.3895  2095.3745     1.1706    no
     744     1.7397     6.5361    74.7126    42.7064  2661.5212     8.7295   yes
     745     1.7351     6.3171    66.4624    42.8503  2873.8894     7.8152   yes
     746     1.7421     6.4141    63.8923    42.8685  3295.3889     8.3141   yes
     747     1.6809     4.7705    62.0829    40.7212  2698.2815     5.1243   yes
     748     1.8126     9.7715    82.2670    46.7840  3717.1584     4.3895    no
     749     1.6347     4.6438    54.2076    39.7262  2263.0693     2.9774    no
     750     1.5471     3.9793    59.8355    37.5379  2254.1074     0.2254    no
     751     1.8011     9.3197    80.8452    45.6786  3541.5796     4.2338    no
     752     1.7305     7.1637    64.3904    44.2708  3226.8589     9.3022   yes
     753     1.6427     4.9338    51.3757    38.2062  3653.0796     4.4522    no
     754     1.7919     9.8926    89.2285    47.9260  2320.5420     3.5096    no
     755     1.7341     6.4249    72.4280    42.4882  3399.2212     8.4500   yes
     756     1.7013     6.0508    63.3016    42.8435  3915.3833     8.3288   yes
     757     1.7155     6.2052    64.5526    41.1430  1828.4213     8.1791   yes
     758     1.8251     9.2849    75.6753    47.0247  2202.1790     2.7620    no
     759     1.7127     5.7961    65.3162    43.0426  2504.0286     8.1902   yes
     760     1.5825     4.3482    58.2937    40.1285  3562.9128     2.1386    no
     761     1.5979     4.6068    54.7490    40.1567  2832.1108     1.7165    no
     762     1.7665     6.6442    70.7923    41.9853  2187.6726     8.6648   yes
     763     1.8523    10.2587    80.6374    47.1884  2758.3643     2.0962    no
     764     1.8056     7.9771    75.0277    43.1077  1832.9471     7.3128   yes
     765     1.7462     7.0922    73.2333    41.7515  1745.5885     8.5882   yes
     766     1.7778     9.3763    78.4754    45.7693  2827.6079     3.4203    no
     767     1.4948     3.8394    42.7357    39.3441  2568.9951     1.2239    no
     768     1.7593     7.4758    74.9769    44.4172  2023.8811     7.8237   yes
     769     1.8664     9.2692    95.0587    46.7103  2690.1406     2.6189    no
     770     1.7973     7.4708    85.0439    43.8213  2950.5398     8.7206   yes
     771     1.7222     6.9137    64.9105    43.3159  2644.2446     8.7249   yes
     772     1.7708     7.1006    75.7875    42.7784  1947.3788     9.7213   yes
     773     1.8155     7.8760    76.5726    43.9804  1940.7432     7.8362   yes
     774     1.6283     4.2555    53.9875    38.2721  2474.5793     1.3478    no
     775     1.7668     7.5953    81.0086    44.7842  3178.4600     6.8898   yes
     776     1.6751     5.0669    51.5681    40.8408  2813.0237     5.6140   yes
     777     1.6928     6.0553    83.2137    43.3262  1731.3472     9.1575   yes
     778     1.6498     5.5398    59.4923    40.4426  3301.4297     6.9375   yes
     779     1.7770     8.0201    76.8157    45.6683  3928.4661     5.8838   yes
     780     1.7219     6.1116    86.8194    42.9443  2602.7065     8.7065   yes
     781     1.7855     7.1726    75.2287    43.5722  2089.0386     8.2190   yes
     782     1.7631     7.3874    70.1176    44.3092  2982.3586     7.2979   yes
     783     1.8503     9.6150    73.7871    46.2143  1462.8998     4.1020    no
     784     1.8028     9.5221    81.7736    47.7309  2433.9104     3.2238    no
     785     1.6986     4.5991    65.9119    41.5419  2796.8711     5.0220   yes
     786     1.7234     6.9276    79.0405    43.3355  2267.9209     8.9804   yes
     787     1.7374     7.3050    80.8587    45.5502  2568.0286     7.8997   yes
     788     1.6331     5.2182    58.3196    41.4474  2121.7126     6.8076   yes
     789     1.7565     8.0377    79.8877    43.9868  2244.8030     5.6291   yes
     790     1.5890     4.4877    57.7951    38.5020  2401.7388     1.3738    no
     791     1.9192    11.0673    85.0860    47.7036  2051.1179     1.0946    no
     792     1.8350     9.3944    86.5398    47.1705  1815.5615     3.3123    no
     793     1.6090     4.6028    63.8156    39.1557  1839.9703     2.7705    no
     794     1.7912     7.1366    71.3738    44.3995  1442.3180     8.7765   yes
     795     1.5288     4.2407    44.6520    38.0360  2077.1045     1.8182    no
     796     1.6396     4.2468    51.2989    39.2989  3060.9500     3.5379    no
     797     1.7414     7.0879    65.2740    42.2781  2308.9094     9.1951   yes
     798     1.7415     7.5057    68.7606    44.6351  2080.4424     8.0275   yes
     799     1.6948     5.0832    53.0100    40.8019  1942.0125     5.5106   yes
     800     1.7819     7.6534    75.8787    44.5525  2599.2209     7.6170   yes
     801     1.7834     6.0338    71.2877    41.7851  2383.3149     8.8238   yes
     802     1.7708     7.5266    82.4181    44.8623  1814.5576     7.6367   yes
     803     1.7304     6.3035    79.3502    42.2591  2097.5117     8.9651   yes
     804     1.6666     4.9023    60.3270    41.3776  2253.0415     7.2717   yes
     805     1.7398     7.7784    67.8672    45.4058  2449.7261     5.7917   yes
     806     1.7124     5.5188    63.0495    42.4947  1947.7786     9.1665   yes
     807     1.7309     5.4462    66.4675    42.7497  2045.8951     8.2932   yes
     808     1.7290     7.4827    72.0515    46.2887  3481.8638     7.7597   yes
     809     1.7788     7.4861    75.9150    44.8163  3310.2136     6.6686   yes
     810     1.8698     9.4591    70.0293    45.9407  3431.2192     3.7068    no
     811     1.7177     5.8105    71.0076    43.4143  2724.7622     8.8257   yes
     812     1.7769     7.0317    72.7254    43.6566  3140.5125     8.4736   yes
     813     1.7725     6.9631    70.3446    45.0104  2047.4458     8.3778   yes
     814     1.9052     9.9609    76.2508    46.5077  2321.4124     2.8124    no
     815     1.5342     3.9728    50.5482    37.7592  3413.6306     1.1334    no
     816     1.7479     5.7928    80.3905    43.2585  2081.1687     8.6970   yes
     817     1.7803     9.2566    88.0753    45.4779  2001.2618     3.7447    no
     818     1.7026     7.5404    85.6857    45.5629  2510.3904     6.6345   yes
     819     1.7690     7.5196    71.9287    44.9353  3272.2937     6.9748   yes
     820     1.7549     7.0918    68.9865    42.7119  3000.0547     7.9252   yes
     821     1.6955     5.3689    73.7827    41.8161  2777.3020     7.8232   yes
     822     1.7107     5.1746    71.4267    42.1123  2368.2402     5.7656   yes
     823     1.6821     5.0610    56.0886    40.4371  2615.0481     4.5216    no
     824     1.7318     6.4339    67.8466    43.0266  2308.4937     9.2474   yes
     825     1.8456    10.7691    86.3794    47.7238  2053.1929     2.4997    no
     826     1.7121     7.6938    71.9005    46.3014  2878.6018     7.2400   yes
     827     1.7635     5.7240    61.9140    41.5682  1186.4094     8.5357   yes
     828     1.7802     7.2953    69.4896    43.1321  3038.3264     8.3595   yes
     829     1.7736     9.2375    78.7338    46.4377  3213.8044     3.7694    no
     830     1.6675     5.4362    51.1855    40.8613  3023.3755     5.0205   yes
     831     1.7151     6.8864    71.1327    44.9531   984.3878     7.6483   yes
     832     1.7694     8.1762    82.7194    46.8988  3437.2354     6.1410   yes
     833     1.8279     9.0067    83.3318    45.9367  1841.5483     4.4642    no
     834     1.9101    10.5399    77.4996    48.9813  2218.7715     0.9333    no
     835     1.7433     5.7324    64.6168    42.2669  2596.3250     8.5057   yes
     836     1.7429     6.1244    74.2801    41.9248  3263.9966     8.5846   yes
     837     1.5207     4.2969    48.7866    37.5501  2974.8323     0.6282    no
     838     1.7539     6.7037    62.7703    43.0063  2137.1714     8.4056   yes
     839     1.6045     4.6341    50.6904    39.3003  2467.0830     2.7068    no
     840     1.7354     6.3208    76.8776    43.0294  2997.5908     8.6331   yes
     841     1.6992     5.7250    65.8913    42.1355  3408.3325     8.2974   yes
     842     1.6066     4.6384    52.9724    39.7332  2850.6753     2.7287    no
     843     1.7946     7.0103    74.6041    42.4253  2198.3650     8.8632   yes
     844     1.6614     5.0433    58.9865    41.6450  2208.7046     5.9105   yes
     845     1.7141     5.2865    61.1023    41.0748  2726.4526     5.8039   yes
     846     1.7535     6.0562    65.7805    42.9651  2291.0874     9.2266   yes
     847     1.7982     6.8196    77.3626    42.6114  2242.0122     7.9910   yes
     848     1.7256     4.9549    56.3033    41.1564  1672.2946     7.5634   yes
     849     1.7522     6.9236    76.5311    42.4674  2152.1343     8.2279   yes
     850     1.7613     7.5520    69.4426    43.5836  2090.3860     7.1508   yes
     851     1.8206     8.8280    86.2939    47.3866  2283.1792     4.5683    no
     852     1.7251     6.0053    74.2242    42.4884  2374.2515     8.4202   yes
     853     1.6755     6.8464    58.8053    43.0958  1895.1666     9.2345   yes
     854     1.7894     8.5671    72.1735    45.6786  3905.7263     5.9267   yes
     855     1.7684     7.8360    82.1427    44.7273  2403.0120     5.8689   yes
     856     1.7781     6.8301    65.7260    42.6553  3101.4473     8.4668   yes
     857     1.7812     7.1565    72.5893    42.0974  2081.8860     9.2152   yes
     858     1.6986     7.0604    69.9467    43.1115  2477.8643     8.7909   yes
     859     1.7965     8.1740    79.1247    45.2286  2779.6196     6.6919   yes
     860     1.6730     5.1992    71.9541    40.3966  2476.7056     5.3881   yes
     861     1.6902     5.3411    73.8791    42.6411  3020.4287     6.5633   yes
     862     1.7626     6.3742    70.3276    42.1200  2597.3215     9.3472   yes
     863     1.6522     4.6003    53.2940    39.8848  2917.6128     4.0551    no
     864     1.7281     5.2815    65.5380    41.5947  2319.1890     5.5231   yes
     865     1.7339     7.3636    79.7349    43.9912  3683.8049     8.5116   yes
     866     1.6652     5.4039    49.2163    41.5463  2728.2913     7.1505   yes
     867     1.6143     4.9941    49.3855    37.4990  3682.0732     1.9695    no
     868     1.7543     7.1473    82.2945    44.5184  3467.2273     7.1757   yes
     869     1.6651     5.6308    68.9774    41.6545  2931.0110     8.0031   yes
     870     1.7521     7.0234    72.3023    43.5017  1921.9093     9.3371   yes
     871     1.6978     5.2605    69.3803    40.1355  1865.9532     5.2479   yes
     872     1.8438     7.2360    71.1015    45.5328  3457.4229     6.9520   yes
     873     1.8171     9.6357    81.5828    46.9133  3122.9771     1.4217    no
     874     1.6861     5.2983    64.2739    40.2650  2003.7004     6.9528   yes
     875     1.6109     4.3419    44.1835    39.0463  2255.2085     2.9456    no
     876     1.7917     5.8788    68.0957    42.6091  2207.1509     8.8860   yes
     877     1.8078     9.5838    82.6563    47.0587  2197.7908     3.2037    no
     878     1.6350     4.5535    46.0211    40.0112  2170.4644     2.4169    no
     879     1.8951    10.8332    87.8951    48.4960  1852.0782     1.7743    no
     880     1.7569     7.0180    73.0904    43.2298  2647.8132     8.6321   yes
     881     1.7333     6.3682    77.4883    43.3855  2021.2489     8.3023   yes
     882     1.7666     8.1564    82.3131    44.4510  3498.8416     8.2444   yes
     883     1.8187    10.0323    78.0307    46.4517  1398.1614     2.1517    no
     884     1.7213     6.5163    64.6293    42.2970  3295.5623     8.3294   yes
     885     1.6539     4.9362    47.1824    39.9364  2579.7363     4.5525    no
     886     1.8063     6.4933    72.3870    42.2222  2772.4409     8.4715   yes
     887     1.6645     5.6015    61.5225    41.6277  1603.7290     7.5813   yes
     888     1.7594     7.0954    60.3415    44.6639  2311.8438     8.6203   yes
     889     1.7395     7.4690    74.1858    44.6339  2366.1455     8.0417   yes
     890     1.7660     8.5289    83.9473    45.4594  1885.0804     5.8175   yes
     891     1.8583     9.2319    84.6808    47.4936  2208.0928     2.3616    no
     892     1.7643     6.5586    62.5154    41.8835  1915.3750     8.7804   yes
     893     1.6969     4.9580    56.0986    40.4225  2679.2798     4.8142    no
     894     1.8083     9.2272    85.1530    46.6958  2778.9221     3.5028    no
     895     1.9157    10.6205    85.4525    48.5455  2218.7288     1.2102    no
     896     1.6310     4.7633    56.3941    39.0928  3048.8960     4.6446    no
     897     1.4996     4.0244    56.5121    38.5285  3320.7905     0.7394    no
     898     1.7844     6.3158    61.2228    42.0662  1876.8660     8.5283   yes
     899     1.7348     5.8381    62.6991    41.2298  2818.8616     7.7434   yes
     900     1.7771     9.2875    86.8986    47.0422  2499.3794     2.6745    no
     901     1.8411    10.0264    96.6875    46.8212  2753.3274     2.4517    no
     902     1.8093     8.6191    80.8674    45.0229  2274.6130     4.7824    no
     903     1.7292     6.7133    65.7880    42.6891  1741.5441     8.8521   yes
     904     1.6464     4.9988    58.5061    39.9558  2896.9097     4.7856    no
     905     1.7106     5.0994    68.6058    42.5381  3959.5464     7.5968   yes
     906     1.8142     9.3584    75.1968    46.7377  2462.0020     3.9717    no
     907     1.7373     6.5182    75.9896    41.5162  1635.0271     9.1511   yes
     908     1.7237     6.3587    72.7197    41.8820  2224.0957     9.1433   yes
     909     1.6445     4.6229    51.8194    39.8471  3201.8154     2.4500    no
     910     1.8138     9.0994    89.8850    46.2883  1723.2937     3.2699    no
     911     1.7405     7.2793    84.2169    44.7724  2480.3352     7.7209   yes
     912     1.7609     6.8750    69.4331    41.3737  3412.8999     8.9336   yes
     913     1.7963     7.1034    73.6740    45.7659  1913.0216     8.1188   yes
     914     1.9350    10.7729    86.8661    48.7640  2901.1333     1.2694    no
     915     1.7692     7.9293    73.4444    43.8705  2005.6212     7.6058   yes
     916     1.8941    10.4338    91.2755    48.3655  2419.5649     0.7808    no
     917     1.7325     5.6783    60.1123    42.8832  2107.5444     7.8791   yes
     918     1.6211     4.7367    47.1912    40.6013  2450.6091     4.6023    no
     919     1.6821     4.8242    58.1332    40.6567  3032.2007     5.3278   yes
     920     1.8176     9.8608    85.9819    48.2201  1730.5854     2.8850    no
     921     1.6878     4.6650    48.0564    39.6295  3060.5071     4.0997    no
     922     1.7874     9.1023    89.5885    45.9353  2664.3457     3.6293    no
     923     1.7592     8.9999    82.9111    47.0657  2712.9402     5.7272   yes
     924     1.6995     7.6355    78.8044    44.3223  2376.6250     7.9338   yes
     925     1.7569     8.1433    72.7688    44.1262  1393.3011     6.0248   yes
     926     1.7946     7.9155    75.0417    44.3724  3188.1934     5.9709   yes
     927     1.8276     9.6640    92.7506    47.0615  2644.6936     2.4908    no
     928     1.6149     4.2118    60.5017    37.9359  3688.3372     1.8943    no
     929     1.6852     4.9950    66.7408    40.4756  1878.6011     6.1092   yes
     930     1.5333     4.2630    46.4900    38.0811  2953.9133     1.1604    no
     931     1.8265     9.8303    97.3229    47.5372  2008.5164     0.6800    no
     932     1.7412     6.4144    57.8018    42.2276  2328.2742     8.3719   yes
     933     1.7814     8.8737    72.6921    46.9031  2110.6890     4.9427    no
     934     1.7957     9.2171    72.3532    46.9359  3120.4895     4.8523    no
     935     1.7193     6.0876    69.7465    41.0670  2725.5752     8.8425   yes
     936     1.8119     8.6361    85.7604    45.8086  2809.0872     4.6922    no
     937     1.5857     4.3150    56.6678    38.1431  1885.7461     0.7004    no
     938     1.7603     6.8161    66.6451    41.8957  1696.3428     9.5224   yes
     939     1.7747     6.3747    65.6411    42.7972  2973.0896     9.1216   yes
     940     1.7900     8.4270    73.1782    46.6728  3919.9934     6.0169   yes
     941     1.5062     3.8508    51.9098    37.8079  2463.5291     0.9123    no
     942     1.7177     7.0797    75.3840    42.6830  3744.6855     8.5769   yes
     943     1.6269     4.6472    58.4382    40.8573  2806.4253     3.4848    no
     944     1.6077     4.7409    62.1619    39.3030  2914.4597     4.0906    no
     945     1.7569     8.6087    83.7035    46.2607  2375.1350     5.2243   yes
     946     1.6411     4.5352    59.9395    39.5775   974.1732     5.3326   yes
     947     1.7362     5.5434    67.9895    41.7964  3479.0947     6.3686   yes
     948     1.5574     4.1039    56.9976    39.9038  1813.9574     1.6805    no
     949     1.7958     9.3432    80.1961    47.0357  2954.1096     3.8311    no
     950     1.6360     4.5200    53.5592    40.8217  2852.0000     3.5127    no
     951     1.7558     5.3497    62.3967    40.3594  2692.6077     5.1200   yes
     952     1.7808     8.1724    85.2143    45.6634  1450.4180     5.3117   yes
     953     1.8565     9.7673    82.9880    47.2986  2957.0728     2.5393    no
     954     1.7732     7.0086    57.6649    42.0525  2091.8521     8.6618   yes
     955     1.8285     9.6512    81.3130    47.8882  2893.0220     3.1562    no
     956     1.9064    10.7705    93.2573    48.4332  2408.9460     1.8698    no
     957     1.8006     8.3307    86.7196    44.3277  1470.3682     6.7893   yes
     958     1.6701     5.5727    56.8424    41.8387  1425.4219     7.0797   yes
     959     1.8513     9.9467    88.4205    46.0636  3127.7139     2.0975    no
     960     1.7281     6.3947    61.7847    43.4385  1789.2961     8.7711   yes
     961     1.6451     4.8134    62.3611    40.7667  2439.5852     4.5138    no
     962     1.6496     5.0173    67.0205    40.6782  2622.6689     4.9505    no
     963     1.8089     9.1432    86.1694    46.5741  2888.6072     4.4630    no
     964     1.8101     6.9391    66.8928    43.0556  2836.9617     8.1567   yes
     965     1.7889     7.6242    79.6103    45.3285  3359.8865     6.0606   yes
     966     1.7557     6.9676    67.1368    43.9830  1676.9393     8.7678   yes
     967     1.9029    10.3882    87.7729    48.2160  1746.4891     1.0860    no
     968     1.7304     5.4800    63.7502    40.6699  1639.4780     6.3753   yes
     969     1.7275     5.4406    62.8440    41.4062  2334.8276     7.1314   yes
     970     1.9195    10.2890    89.9756    48.1310  3378.4202     1.6620    no
     971     1.7321     7.1244    77.8062    44.9945  1079.4675     7.8565   yes
     972     1.5229     3.6644    44.8227    38.6008  2382.1377     0.0157    no
     973     1.6583     5.7190    65.2937    41.8033  2436.1682     8.7380   yes
     974     1.8831     9.8309    76.9609    47.8536  2694.9463     1.8222    no
     975     1.7851     8.2914    78.6145    46.2038  2403.6541     5.4079   yes
     976     1.7749     7.1320    64.7378    44.8276  1907.2571     7.9487   yes
     977     1.6853     4.5200    58.7212    40.3580  3248.2051     4.9329    no
     978     1.6414     4.8694    56.2588    40.7845  2725.3569     1.7117    no
     979     1.7789     8.2877    80.3730    45.3734  2777.7913     5.7921   yes
     980     1.5601     3.8138    48.4516    37.8896  2574.8074     1.7713    no
     981     1.7386     6.6203    68.3690    44.2394  1711.6561     8.3939   yes
     982     1.8508     9.5442    81.8135    46.6362  2185.6465     1.6471    no
     983     1.7261     6.1606    65.6409    41.8231  2697.0037     9.0204   yes
     984     1.6262     5.2873    58.7255    42.4111  1361.7191     5.2373   yes
     985     1.9085    10.0416    98.8333    47.4764  2533.4946     0.8536    no
     986     1.7446     6.7465    64.8234    42.8075  1415.6678     9.1815   yes
     987     1.7990     7.9785    78.0972    44.6877  3061.7700     6.4165   yes
     988     1.7769     6.2347    70.2444    42.8229  2338.8303    10.1883   yes
     989     1.8055     8.8583    73.1512    46.6808  2425.9214     3.3355    no
     990     1.6130     4.2572    45.4862    39.5998  3192.4326     4.1398    no
     991     1.6971     5.5855    65.8009    41.1335  2631.1125     6.3416   yes
     992     1.6154     4.2666    49.5653    39.7562  1740.6288     2.9162    no
     993     1.8094     8.2114    75.2367    44.9545  1797.3512     6.3053   yes
     994     1.5980     4.7475    57.6890    38.6383  1940.2272     2.5107    no
     995     1.7475     6.3281    67.7949    43.8964  1860.2053     8.7733   yes
     996     1.7348     6.8202    72.5367    43.3044  2491.4182     8.5597   yes
     997     1.7668     6.3988    67.5132    43.3919  1366.6036     8.3220   yes
     998     1.8083     9.9809    82.9991    47.3268  2930.2761     2.3485    no
     999     1.7591     6.7522    61.1779    43.3084  2785.3882     7.8249   yes
    1000     1.7167     6.9929    72.8388    42.1734  3569.2161     8.8703   yes
    1001     1.6359     4.2594    42.1806    39.4123  3682.0530     2.1285    no
    1002     1.7196     6.4945    64.3060    41.9087  3277.2434     8.0237   yes
    1003     1.5921     4.3759    51.2928    39.0357  2364.9941     2.4574    no
    1004     1.7355     6.2947    65.4186    42.2763  3329.0415     8.1014   yes
    1005     1.6940     6.1963    76.2447    43.1151  1549.5073     8.8412   yes
    1006     1.7286     7.3500    86.7756    45.7992  1805.2024     5.9306   yes
    1007     1.7710     8.3473    74.4532    46.6712  2010.4825     4.8994    no
    1008     1.9201    10.3573    86.4589    48.1438  1692.5264    -0.0894    no
    1009     1.7487     6.8949    73.6399    42.0008  2836.9707     8.8759   yes
    1010     1.7529     5.6156    62.6099    42.2981  2634.3003     8.4081   yes
    1011     1.7921     9.6515    84.8072    47.4228  1492.4342     3.6090    no
    1012     1.8156     8.7268    76.7520    46.1842  2988.2808     4.1940    no
    1013     1.6638     4.5190    61.1723    40.4029  3033.7717     5.0499   yes
    1014     1.6878     7.6289    69.3696    43.6464  2116.3796     6.8291   yes
    1015     1.6792     4.7547    56.8268    41.2272  3451.4255     4.3423    no
    1016     1.7915     8.4317    68.4251    46.0490  2383.1123     5.7642   yes
    1017     1.7535     7.7579    74.7471    44.3705  1859.6682     7.1172   yes
    1018     1.7445     6.0346    60.7462    42.0132  3669.8486     8.2616   yes
    1019     1.7224     5.4194    71.6511    41.6444  1934.8552     8.0952   yes
    1020     1.6964     5.2278    62.7344    41.7496  1837.9822     5.9156   yes
    1021     1.6996     5.5232    62.8133    42.0845  2160.6140     7.3140   yes
    1022     1.8361     9.8168    84.5836    47.1835  3709.4426     0.8171    no
    1023     1.5886     4.6184    46.7983    40.0867  2596.5332     3.2434    no
    1024     1.7005     5.2303    62.0310    41.1923  2378.9653     7.0307   yes
    1025     1.5831     4.6883    59.8083    39.8593  2090.5852     3.6430    no
    1026     1.8942    10.1724    97.7501    48.1800  2461.4653     2.3427    no
    1027     1.8078     8.8987    71.6619    45.5793  3315.7271     2.9358    no
    1028     1.7915     8.2676    87.6156    47.3583  2583.6697     5.2104   yes
    1029     1.7699     6.5907    76.1891    45.0221  2813.6475     8.8120   yes
    1030     1.8295     8.0351    84.8828    46.7407  3092.8960     5.5693   yes
    1031     1.7423     7.2043    83.2059    44.2862  4030.5857     8.5176   yes
    1032     1.7217     7.8438    64.6492    44.8739  1929.4507     6.3659   yes
    1033     1.8009     7.7458    81.9463    44.9570  1987.7390     7.3081   yes
    1034     1.7152     6.2610    68.3965    42.2730  2910.6611     8.7695   yes
    1035     1.6053     4.7517    47.0240    38.2581  2399.2935     1.5067    no
    1036     1.7142     5.7828    64.4070    41.6532  2398.1663     8.5104   yes
    1037     1.6788     5.6391    64.8235    42.1120  2757.3469     8.5265   yes
    1038     1.7847     8.6064    86.1148    45.9981  2012.6411     4.6422    no
    1039     1.6819     5.6390    53.8237    41.3237  2462.2273     6.3232   yes
    1040     1.6091     4.2757    56.4362    38.3281  2894.4360     2.4251    no
    1041     1.7544     8.5485    87.2128    45.9077  2573.2048     5.3151   yes
    1042     1.8194     8.3982    85.4967    46.1415  1569.8683     5.3077   yes
    1043     1.8464    10.4886    83.4790    47.4078  1473.6965     1.4334    no
    1044     1.7282     6.8687    75.3220    42.5753  2459.3970     8.7176   yes
    1045     1.7931     6.3309    76.4420    41.7569  4492.0908     9.1235   yes
    1046     1.6526     4.9987    52.4659    40.5588  1632.5178     5.9477   yes
    1047     1.7291     5.8227    55.2155    43.0289  2833.3899     9.0326   yes
    1048     1.8058     7.4959    65.8161    44.2788  2162.9282     8.1892   yes
    1049     1.7481     6.6188    68.6678    43.3120  2911.0823     9.5441   yes
    1050     1.7393     7.4962    72.1267    44.8079  2010.7283     8.3716   yes
    1051     1.7741     6.8502    65.8824    44.2503  1747.3877     9.2005   yes
    1052     1.8344    10.0399    85.6916    47.8647  2234.0942     1.4522    no
    1053     1.8004     6.8380    77.2567    43.8182  2970.0410     7.9550   yes
    1054     1.7578     6.7511    68.5856    42.9782  2318.9521     9.1242   yes
    1055     1.7241     7.4002    77.6698    43.7366  1978.4647     7.7638   yes
    1056     1.8285     8.3534    87.1945    46.6430  2387.2927     5.4221   yes
    1057     1.6362     4.6015    55.3118    41.1765  2365.3384     5.0917   yes
    1058     1.5668     4.1668    46.7992    37.9404  3071.1497     0.8436    no
    1059     1.7668     7.8559    63.1286    43.3712  2895.1360     6.8074   yes
    1060     1.8303     7.6128    69.7064    45.1058  2061.9758     5.9482   yes
    1061     1.7674     6.8775    72.2390    42.0721  2519.5007     9.0256   yes
    1062     1.6633     4.5516    60.2609    39.6882  2039.4734     3.4783    no
    1063     1.7845     7.3111    73.2505    43.4810  3578.1086     8.2738   yes
    1064     1.7162     6.6987    82.5015    44.2490  3559.1877     7.4946   yes
    1065     1.5729     4.8505    52.9278    39.9883  2121.8206     2.8613    no
    1066     1.6969     6.0361    69.7447    43.3160  1209.2443     8.3002   yes
    1067     1.8896    10.0125    77.7849    47.1550  2725.1755     2.6669    no
    1068     1.6532     4.9418    55.8620    39.3423  3117.2832     3.9938    no
    1069     1.7639     6.6699    79.4071    43.5681  2145.8977     9.6394   yes
    1070     1.7083     6.0401    65.3212    42.5765  2505.7749     9.3617   yes
    1071     1.6714     5.3266    71.8149    41.6897  2547.9290     7.3574   yes
    1072     1.8144     8.5182    78.6637    45.2626  2803.9661     5.4667   yes
    1073     1.7079     5.5100    62.7909    42.2661  3249.9597     7.7649   yes
    1074     1.7022     6.8081    69.1182    42.7021  3515.0872     8.0312   yes
    1075     1.7248     5.4664    65.8567    41.5815  2410.5300     5.5260   yes
    1076     1.7057     6.7529    76.5835    41.2404  3265.1743     9.1970   yes
    1077     1.7913     5.7156    75.8688    43.1944  2757.8086     8.9727   yes
    1078     1.7353     6.9578    72.9867    43.8949  3217.7737     7.5642   yes
    1079     1.7368     8.0998    81.5216    45.8048  3041.7710     4.7671    no
    1080     1.8587    10.4916    86.7160    47.2306  1973.3542     0.9915    no
    1081     1.6766     5.0441    63.4963    41.2330  2742.7380     6.8768   yes
    1082     1.7418     6.0243    67.7218    42.3879  4351.9517     9.1467   yes
    1083     1.6190     4.7953    48.7537    39.2656  2426.5823     3.9345    no
    1084     1.7559     6.2968    77.0216    43.4845  1797.5685     9.3159   yes
    1085     1.7748     5.5365    55.7698    41.9875  2145.0188     8.1039   yes
    1086     1.7221     6.0669    60.9781    41.3928  2342.6956     8.1183   yes
    1087     1.7763     7.2502    80.8236    43.9739  2641.8000     7.5568   yes
    1088     1.7603     6.8740    76.4288    42.3739  1540.2499     8.9012   yes
    1089     1.7042     5.5661    61.1449    42.2989  3602.8110     7.3554   yes
    1090     1.7788     5.7880    75.8467    41.7508  1928.4900     8.7086   yes
    1091     1.7605     6.4556    60.5061    42.6967  2917.2886     8.6570   yes
    1092     1.8744    10.3994    92.5956    47.2986  2539.9023     0.7046    no
    1093     1.7653     7.2081    64.2501    44.5732  2397.8467     8.8145   yes
    1094     1.6725     4.4450    48.7818    40.6627  2223.4832     2.7116    no
    1095     1.7143     6.6035    75.6062    43.8791  2421.6313     8.8016   yes
    1096     1.6323     4.6256    55.5646    40.6191  2703.1228     4.9069    no
    1097     1.7117     7.0027    71.6541    42.9733  2539.0344     7.6712   yes
    1098     1.8593     9.9065    89.7191    48.0743  2062.3809     1.5558    no
    1099     1.7975     8.8498    82.4092    47.6002  2847.9319     3.9550    no
    1100     1.6653     5.1701    49.3072    42.4322  2667.6782     7.0538   yes
    1101     1.7978     8.9095    73.4954    45.7720  2441.7461     4.1472    no
    1102     1.7054     4.6190    54.4805    40.7543  2541.0254     5.8571   yes
    1103     1.7093     5.4400    64.3478    41.9206  2764.8047     7.2812   yes
    1104     1.8019     7.5282    65.6728    43.4685  1385.9380     8.3233   yes
    1105     1.5853     4.5782    55.7214    38.7380  2136.4629     2.0839    no
    1106     1.7930     9.2033    75.2201    47.1264  3112.8101     2.9644    no
    1107     1.8543    10.0517    81.5110    47.1469  2282.4187     2.2190    no
    1108     1.7163     5.7328    65.2424    41.8316  1703.1650     8.1954   yes
    1109     1.7721     8.4716    73.7318    46.6620  2253.5225     5.7709   yes
    1110     1.5127     4.2213    49.3134    38.1879  2679.0583     1.1052    no
    1111     1.6145     4.7951    39.1448    40.7192  2242.0750     2.2837    no
    1112     1.5474     3.9239    44.4966    39.0502  2707.5166     1.1996    no
    1113     1.6265     5.0248    55.3747    38.7551  2586.1162     3.4012    no
    1114     1.8101     8.8928    72.1634    46.7223  1800.0583     4.7693    no
    1115     1.5750     4.3563    49.6441    38.2707  3130.3374     0.9509    no
    1116     1.8030     9.0254    76.9352    45.9825  2237.1277     4.6096    no
    1117     1.8017     8.8002    88.4431    46.0966  2299.0354     4.3240    no
    1118     1.7523     7.4183    76.6151    43.9589  3207.0845     7.5268   yes
    1119     1.6551     4.8438    68.0163    38.6848  2185.3306     3.8655    no
    1120     1.7338     6.0310    68.3420    43.3538  2504.5896     8.8745   yes
    1121     1.8894    10.1790    85.6159    47.1675  1552.9844     2.7398    no
    1122     1.7217     7.0377    76.4428    43.0004  2198.9746     8.2351   yes
    1123     1.6965     5.1401    63.7262    40.1922  1978.8922     6.0616   yes
    1124     1.7108     5.5381    56.6408    42.7314  1816.3022     7.6532   yes
    1125     1.7936     8.1523    76.5485    45.8672  2186.3398     5.4254   yes
    1126     1.6780     5.4195    74.4707    41.3617  3684.7026     8.3466   yes
    1127     1.8024     8.7141    85.2657    45.7591  2776.6306     4.7199    no
    1128     1.8730    10.3810    80.7029    47.0238  1956.6996     1.8355    no
    1129     1.7688     7.2319    72.2355    44.1187  1383.1046     9.1917   yes
    1130     1.5853     4.2142    41.9147    39.7092  2595.9458     2.3099    no
    1131     1.6917     6.3363    66.1514    42.3536  1191.7499     7.7441   yes
    1132     1.7426     6.4968    73.0244    42.4549  2094.6870     8.2837   yes
    1133     1.8751     9.9911    92.8321    48.2220  2880.7773     2.1695    no
    1134     1.7376     6.9515    55.8617    41.6400  2124.6006     9.2929   yes
    1135     1.7918     7.5057    68.9244    45.8688  3535.1748     5.8281   yes
    1136     1.7316     6.7718    63.3647    42.5372  2311.0613     8.7431   yes
    1137     1.7696     8.1987    77.9305    47.1687  2853.7578     6.1058   yes
    1138     1.6081     4.5000    55.9947    39.9967  2375.7773     2.6247    no
    1139     1.6782     4.9623    55.5596    39.3665  3039.3289     3.9277    no
    1140     1.6577     4.9948    65.6422    42.0942  3428.8979     5.6295   yes
    1141     1.6301     4.9724    52.3857    40.1269  1556.1285     2.9509    no
    1142     1.6622     4.5487    61.8429    40.3898  2045.9462     4.0635    no
    1143     1.7911     8.4959    75.0816    45.3799  2049.5212     5.7124   yes
    1144     1.8390    10.1293    81.7759    47.2671  2585.6226     1.6657    no
    1145     1.8136     8.0453    77.3213    45.4221  2718.7637     5.5185   yes
    1146     1.7335     6.7080    78.5760    44.6428  2623.4324     9.8429   yes
    1147     1.7103     5.3738    65.2530    41.0122  1658.5299     5.2965   yes
    1148     1.7204     5.7135    61.6952    41.4732  2663.0515     6.2653   yes
    1149     1.8264     8.6331    81.6674    46.1687  1594.5002     4.7638    no
    1150     1.6861     5.1508    49.1887    40.0878  2261.5171     4.9634    no
    1151     1.5600     4.1723    44.4081    38.5481  2793.8574     1.7862    no
    1152     1.7422     6.1388    66.9019    41.2569  3521.9229     8.3483   yes
    1153     1.5819     3.9114    42.9833    38.5398  2103.7039     1.4780    no
    1154     1.7777     7.4655    70.2791    44.8517  2813.0942     6.5667   yes
    1155     1.8697    11.0724    81.0040    48.5552  3924.8228     0.9692    no
    1156     1.7428     6.2296    78.0357    42.4203  2932.8816     9.4704   yes
    1157     1.5978     4.5022    52.6526    38.5736  1450.6475     1.8212    no
    1158     1.5208     4.2382    51.6197    38.7215  1829.9243     1.6652    no
    1159     1.7209     6.9263    59.0337    41.3956  2773.2595     8.8012   yes
    1160     1.7908     7.6182    82.5722    44.7018  3489.1194     6.1791   yes
    1161     1.6541     4.7391    57.8718    40.0263  1853.5074     4.4086   