      ID     height   foot_size    weight  forearm_le  income     Book_score  Book_apprec
       0     1.7899     6.2968    68.9011    42.6492  2663.0869     8.5258   yes
       1     1.7887     6.2507    67.6268    42.4574  2086.8047     8.8313   yes
       2     1.8535    10.4551    83.0686    48.2764  2122.3171     1.7397    no
       3     1.7830     6.2979    72.2125    43.4030  2937.9045     9.0681   yes
       4     1.8296     9.4631    87.9179    44.9034  2037.7037     3.5197    no
       5     1.7066     6.6805    68.9750    42.2179  1979.2242     8.2493   yes
       6     1.7434     7.3759    74.5582    43.8944  1681.3463     9.1596   yes
       7     1.7272     5.8743    63.8662    41.3062  1975.3629     7.4327   yes
       8     1.9095    10.5542    90.4855    47.2597  1849.9948     1.2011    no
       9     1.9317    10.2395    94.1795    46.8241  2655.6934     1.0622    no
      10     1.7778     8.1173    70.7507    46.6616  2008.8464     5.9419   yes
      11     1.7630     7.2999    72.6349    43.6474  2973.3794     8.0271   yes
      12     1.8134     8.9712    80.0548    45.9284  1817.7246     4.3618    no
      13     1.7179     6.7392    73.9107    43.8950  2633.7114     8.3822   yes
      14     1.6011     4.2562    47.3833    39.5072  3630.9265     2.8061    no
      15     1.9027    10.5468    82.0787    48.4342  3588.4036     2.0687    no
      16     1.8931    10.0427    76.7618    46.6191  1451.0012     1.5437    no
      17     1.7083     5.8130    75.9400    42.6978  1868.3208     8.3114   yes
      18     1.9181    10.7043    81.0124    48.9647  2471.9617     1.0142    no
      19     1.7865     6.0203    67.4388    42.9726  2104.0549     8.7079   yes
      20     1.7954     8.8263    76.7540    46.7754  2598.3708     4.9044    no
      21     1.8894     9.9857    75.8142    47.6166  2002.4991     2.2181    no
      22     1.7611     6.4743    63.7208    42.1141  1446.8959     9.3581   yes
      23     1.7763     8.9729    88.0566    46.5654  3196.1289     3.7688    no
      24     1.7383     6.3147    72.7374    41.3566  3815.9312     9.3259   yes
      25     1.6782     4.9166    59.6536    40.8248  1883.5540     5.5384   yes
      26     1.7110     5.8148    66.8879    42.3894  2919.4001     9.2233   yes
      27     1.7508     5.7874    64.7716    41.8914  3137.4998     8.5249   yes
      28     1.6997     6.3850    66.9834    42.1487  1953.5640     9.2595   yes
      29     1.7648     6.6046    63.9162    43.1852  3178.5706     8.7796   yes
      30     1.8571    10.0539    92.7272    47.7137  2040.0292     2.0871    no
      31     1.7572     6.4201    66.6154    43.7782  2511.4041     8.8704   yes
      32     1.6333     4.4084    54.2778    39.5368  2734.3640     4.0804    no
      33     1.7165     7.6243    77.8500    45.6505  1390.3895     7.6799   yes
      34     1.6739     5.4490    65.8328    42.4269  1906.6929     6.2105   yes
      35     1.6545     5.3254    55.5508    39.3397  2141.6025     7.3504   yes
      36     1.7544     5.6824    63.7833    41.8956  3387.8965     7.5840   yes
      37     1.7378     6.1188    67.9286    42.3952  1756.8198     7.6110   yes
      38     1.8356    10.3521    93.9587    47.1701  1869.0519     2.0346    no
      39     1.7507     9.1972    82.1815    46.2815  1904.4900     3.4249    no
      40     1.7357     5.1876    63.0240    40.7811  2734.0752     5.9570   yes
      41     1.6935     5.0908    58.6179    42.3723  1293.7012     5.3558   yes
      42     1.7373     6.6520    73.8861    43.8468  1578.8844     7.9093   yes
      43     1.7792     8.0088    68.1427    46.2613  1818.3363     4.9234    no
      44     1.8943    10.5712    82.8672    48.5973  3169.3762     1.1386    no
      45     1.7477     5.9088    67.1025    41.7601  1810.4662     9.7928   yes
      46     1.7579     5.8843    69.2665    41.8204  3284.7729     7.3867   yes
      47     1.7046     5.3034    67.2199    41.0917  3322.4946     7.7669   yes
      48     1.5619     4.0610    54.6312    38.7073  2973.0674     0.1368    no
      49     1.7535     6.8627    64.9770    42.6887  1620.9329     9.4186   yes
      50     1.7076     5.5796    64.3394    41.3435  2773.8120     7.9246   yes
      51     1.7141     7.8876    76.1983    44.6752  2596.8679     7.0683   yes
      52     1.6657     5.2381    56.4373    42.6105  3152.8765     6.7435   yes
      53     1.6711     4.6515    48.2462    40.2943  1534.7247     3.2556    no
      54     1.8874    10.1800    90.8242    47.4288  2664.4343     1.2493    no
      55     1.7608     7.9025    67.7874    46.7103  3193.9331     4.9460    no
      56     1.8162     9.9057    87.2452    47.1883  2454.6958     1.9724    no
      57     1.8346     9.2763    95.1017    47.8954  2682.5129     3.0902    no
      58     1.7670     9.2178    79.2650    47.4555  1690.4205     3.0472    no
      59     1.7858     5.7506    76.5931    42.7659  2275.3989     7.6533   yes
      60     1.7044     5.4767    66.1800    41.2352  1932.5283     8.2316   yes
      61     1.7572     7.2500    71.9925    44.1375  2389.5847     8.3480   yes
      62     1.5860     4.3008    47.2158    38.7875  2943.0291     1.0994    no
      63     1.8804     9.2069    86.6311    47.8971  2274.2246     2.4253    no
      64     1.7119     6.0583    67.9844    42.4800  2927.7244     9.1831   yes
      65     1.6508     5.3894    50.6671    42.5556  1983.7056     7.8093   yes
      66     1.7453     6.7211    62.1603    43.0984  2086.7869     8.7915   yes
      67     1.7582     7.1467    65.4845    42.9444  2197.2249     8.8294   yes
      68     1.7302     7.2987    69.8981    43.1360  3347.5654     7.9063   yes
      69     1.5934     4.3775    48.4931    39.0749  3154.6382     1.9288    no
      70     1.7185     6.4571    71.2895    43.5157  1517.6027     9.1955   yes
      71     1.7615     6.4812    69.4979    42.4111  3787.1853     9.5823   yes
      72     1.8262     8.4520    78.7125    45.5734  2528.0068     5.4565   yes
      73     1.7424     5.5607    61.7455    43.6587  1945.4521     7.8851   yes
      74     1.7399     6.2384    74.7839    41.7066  2698.5415     8.9385   yes
      75     1.7192     7.0370    77.4062    42.8920  1787.0182     9.0687   yes
      76     1.6663     4.4095    51.0938    39.1323  1071.9015     2.6263    no
      77     1.6200     4.0270    54.5863    39.2300  1896.5333     2.0230    no
      78     1.6664     5.1485    64.5301    40.9638  2285.5691     6.9852   yes
      79     1.6037     4.1884    50.7552    39.7113  2354.1548     1.8147    no
      80     1.8081     7.4830    74.3207    44.1928  3527.7170     7.4505   yes
      81     1.6830     5.8264    65.5679    42.4781  2374.6147     7.4559   yes
      82     1.8632    10.5800    87.8873    48.0102  2542.9839     0.4203    no
      83     1.7049     6.4444    61.0063    43.2789  2668.0303     8.9587   yes
      84     1.7543     7.5419    67.8897    45.8456  3357.5911     6.9885   yes
      85     1.7480     6.3250    81.0474    44.0428  2588.1313     9.4028   yes
      86     1.7866     6.7860    70.9147    41.9755  1931.9188     8.1357   yes
      87     1.8125     7.7611    77.7507    45.1493  3502.6460     7.4874   yes
      88     1.7196     7.2418    78.2054    42.3406  2463.3899     8.6018   yes
      89     1.7702     7.0822    70.4733    43.2649  1956.0830     9.2262   yes
      90     1.7506     8.0229    87.3303    46.9893  2571.1152     6.2220   yes
      91     1.6554     4.9561    62.0407    39.2238  2758.2500     4.2436    no
      92     1.7217     5.0271    54.5771    40.5610  2563.2131     3.6931    no
      93     1.6080     4.8838    44.9327    38.5683  2263.2529     2.2239    no
      94     1.7853     7.3839    65.9327    43.6383  2108.8354     8.1717   yes
      95     1.7963     7.1314    74.2059    42.6551  3064.5608     7.7547   yes
      96     1.6730     4.8667    47.9483    40.6232  1834.7162     4.4595    no
      97     1.6174     4.4554    55.2225    39.5310  2319.4756     3.1100    no
      98     1.6996     5.3901    60.4853    40.5104  2846.5715     7.0932   yes
      99     1.7452     8.3746    77.1614    45.0313  2343.4368     5.1217   yes
     100     1.6966     6.1968    75.6071    42.0361  2053.6438     7.2380   yes
     101     1.5138     4.0006    45.1379    38.5476  2932.6853     0.6587    no
     102     1.7802     9.5395    78.8462    47.4596  2094.8059     2.3290    no
     103     1.7768     7.5129    80.2526    44.6049  1145.4277     8.5660   yes
     104     1.8366     9.3138    75.0744    45.5608  2796.3774     2.6920    no
     105     1.5570     3.7202    47.7378    38.3737  2024.6625     2.1421    no
     106     1.6254     5.2919    52.2862    40.5066  2344.7415     2.7118    no
     107     1.7879     7.6256    80.4200    43.0908  2247.0542     7.9206   yes
     108     1.9047    10.2830    91.9398    47.4841  2420.3552     1.3281    no
     109     1.7669     7.2162    72.9169    43.6429  1982.7252     8.1048   yes
     110     1.6327     4.6284    49.5875    38.7283  1544.0760     2.7989    no
     111     1.7812     6.2239    71.7471    40.9895  1985.4655     9.6205   yes
     112     1.7692     6.8680    77.1552    45.0049  3494.7490     7.8355   yes
     113     1.6054     4.3115    46.8726    38.9606  3003.7610     2.2139    no
     114     1.7377     7.0878    75.5378    42.0955  2216.3213     8.6830   yes
     115     1.6638     5.7994    58.1780    41.8913  2863.1431     9.1666   yes
     116     1.8153     7.9017    72.3363    44.4514  2301.1562     7.7811   yes
     117     1.7606     6.0164    71.4718    41.9435  1395.7584     7.7974   yes
     118     1.7261     6.7219    75.7807    43.5505  3933.1084     8.5821   yes
     119     1.5123     4.0062    47.3480    37.6890  2840.3562     1.0917    no
     120     1.7350     7.3219    76.7535    42.4101  1376.0558     7.8895   yes
     121     1.8117     9.6220    77.0859    46.2433  3257.9255     4.0518    no
     122     1.6848     6.4537    64.7217    41.9987  1497.3390     8.4381   yes
     123     1.7701     5.9568    73.4707    41.5912  3163.9016     8.0378   yes
     124     1.7775     7.2871    69.1606    45.4814  2470.6184     8.3066   yes
     125     1.6935     6.9964    68.0544    41.9665  2256.4138     9.2863   yes
     126     1.7824     7.2512    71.0535    44.7216  2086.9089     7.9439   yes
     127     1.7599     6.9911    64.0508    42.6186  1917.5131     8.7616   yes
     128     1.7743     7.1509    67.7883    43.0406  1952.7328     9.8058   yes
     129     1.7361     6.4379    62.5149    43.0508  1449.8488     8.8091   yes
     130     1.7024     4.7725    69.6898    42.3651  2354.0359     6.0903   yes
     131     1.8557    10.2955    82.7616    47.9824  2603.5752     2.8062    no
     132     1.7316     6.2987    72.1276    42.6646  2718.9985     9.0681   yes
     133     1.7154     5.6104    62.0226    42.5190  2348.9167     7.1224   yes
     134     1.7738     9.4482    94.1459    47.0820  2084.2722     2.8750    no
     135     1.7550     7.2657    77.2281    44.1049  1759.0027     8.5074   yes
     136     1.8470     9.0199    81.1274    46.6892  2117.4792     4.3629    no
     137     1.7143     5.8516    76.5201    41.8607  2195.8796     7.6342   yes
     138     1.7472     5.5304    61.5466    42.1087  1911.7101     8.8075   yes
     139     1.8946    10.4109    77.6611    48.1517  3696.8328     1.4283    no
     140     1.6939     5.3260    54.0852    41.8317  2033.9290     5.8746   yes
     141     1.7726     6.5904    60.1405    43.6753  2610.9058     8.9446   yes
     142     1.7800     7.0711    64.6625    44.9386  1599.4506     7.1146   yes
     143     1.7890     7.6561    69.1528    43.8128  2790.1777     8.7259   yes
     144     1.8160     9.5692    86.8583    46.1096  2734.7771     2.3240    no
     145     1.7679     8.1070    83.5354    43.8938  3022.2771     6.6122   yes
     146     1.6302     5.3815    56.9625    41.1684  2185.9102     5.3108   yes
     147     1.7793     7.1438    80.1443    44.9485  2916.0762     7.9924   yes
     148     1.7775     8.3686    75.7891    46.1689  1441.9081     5.3119   yes
     149     1.7288     5.8032    63.4769    41.9080  1847.2075     7.6741   yes
     150     1.8118     7.2286    76.5095    45.0000  2501.4961     6.8002   yes
     151     1.7579     6.3359    71.7520    42.8735  2625.6316     8.4247   yes
     152     1.7319     6.6616    72.4618    43.3516  2149.9258     7.6697   yes
     153     1.7524     8.5140    88.3926    44.5756  2234.1719     5.5294   yes
     154     1.8593     9.8886    77.0337    47.8098  2378.6655     1.5504    no
     155     1.8188     9.2476    90.2073    47.4149  2122.3401     4.4624    no
     156     1.7648     7.1726    75.1340    43.9456  2326.9578     7.3972   yes
     157     1.6874     4.7146    53.6384    40.7889  2036.3363     4.9799    no
     158     1.6194     4.6926    51.9860    40.4309  3019.7471     3.4626    no
     159     1.7609     7.2451    75.8122    44.9068  2793.3606     5.8741   yes
     160     1.6375     4.9536    71.3814    39.8358  2075.3386     5.8633   yes
     161     1.6336     4.7110    55.6375    40.2218  3581.4341     3.2536    no
     162     1.8202    10.0031    85.8548    49.2265  1933.4182     1.7631    no
     163     1.7523     5.8678    66.7565    43.7989  2353.5681     9.4862   yes
     164     1.8143     8.3160    74.7500    45.3391  2195.0776     4.6966    no
     165     1.7197     6.0670    67.2281    41.9354  2162.7993     7.3618   yes
     166     1.7736     7.2415    78.2410    43.2001  3064.4736     7.9333   yes
     167     1.6567     5.3636    62.5206    41.7205  2436.7656     8.1546   yes
     168     1.6267     5.0385    51.6197    40.7538  1996.2931     3.7770    no
     169     1.7084     5.3598    63.8970    41.0876  2827.1313     7.5673   yes
     170     1.8888    10.0456    82.3991    47.8369  3294.3088     1.9651    no
     171     1.7419     6.6451    77.4418    41.6834  1466.9854     8.7394   yes
     172     1.7389     6.4185    67.4786    42.5498  2891.8225     9.0527   yes
     173     1.7074     5.8731    69.4058    42.9548  3622.3262     7.9963   yes
     174     1.7479     6.9289    76.2299    42.8431  2286.7473     9.3530   yes
     175     1.7610     5.3487    58.4449    40.6903  3095.9045     7.0503   yes
     176     1.7381     5.9154    73.1449    41.6105  2043.9491     8.4786   yes
     177     1.6374     4.4338    51.6497    38.7982  2645.2051     2.8692    no
     178     1.7586     6.9017    57.0661    43.4407  2079.1829     9.3701   yes
     179     1.6947     4.9859    67.2382    39.3513  2763.2371     5.3742   yes
     180     1.8946    10.8980    92.0649    48.5645  2246.0366     1.6048    no
     181     1.8278     9.5969    88.6906    46.1188  1735.0558     3.5155    no
     182     1.7387     6.9529    68.1974    43.7682  2049.1313     8.3118   yes
     183     1.7169     7.2744    73.1834    43.8504  2204.2556     8.4946   yes
     184     1.8158     9.8655    79.3810    46.8105  2086.0469     1.3593    no
     185     1.6462     6.3436    57.6282    43.1175  3119.7646     8.9469   yes
     186     1.6061     4.5123    55.2689    39.1978  1651.2603     2.0980    no
     187     1.7471     6.3449    59.3500    42.4418  2505.5002     9.2274   yes
     188     1.8022     9.0713    75.6917    47.1652  2686.4438     4.1183    no
     189     1.7445     5.5176    67.6334    42.2079  1286.6051     7.6841   yes
     190     1.8063     9.3274    92.5382    47.0521  1689.6289     3.7502    no
     191     1.7554     6.3821    65.4335    43.6027  3290.4346     8.2133   yes
     192     1.8106     7.9156    72.9335    45.1902  2921.6558     5.0640   yes
     193     1.5413     3.8172    40.6536    38.4995  2891.3772     0.4479    no
     194     1.7579     7.0170    66.9343    43.8851  3222.7214     7.4061   yes
     195     1.7141     5.4092    65.9330    42.5717  3228.1875     7.6625   yes
     196     1.7264     7.1406    72.7073    42.5004  1860.7452     8.6471   yes
     197     1.7295     6.7008    74.5997    42.8568  3133.2197     8.6723   yes
     198     1.6935     5.1462    61.3269    39.8760  2229.4390     4.7732    no
     199     1.5920     3.9188    54.5617    39.0294  2425.1509     1.6235    no
     200     1.7735     9.0014    87.4591    45.9623  1755.1444     2.6061    no
     201     1.7138     6.9456    72.4250    43.3429  2736.3503     7.1677   yes
     202     1.7209     5.7801    80.4527    43.3007  1741.7833     8.8767   yes
     203     1.7624     6.9080    78.7360    44.8589  2963.4495     8.3498   yes
     204     1.7822     6.9203    74.2342    42.9935  2528.9751     8.8160   yes
     205     1.7958     8.5799    83.3051    45.4811  2095.0972     3.8213    no
     206     1.7487     8.0900    82.8123    45.0193  1425.5468     5.7168   yes
     207     1.7617     5.6898    73.9162    40.8715  3098.7854     8.3797   yes
     208     1.7742     7.1755    65.4791    45.5326  2902.3015     8.1604   yes
     209     1.6981     7.0092    69.2579    45.1413  3050.7244     7.6339   yes
     210     1.7460     6.0819    61.2347    42.1785  3304.6436     7.3731   yes
     211     1.8667    11.1398    70.7070    48.5319  2203.0283     1.2861    no
     212     1.7484     7.0768    67.7789    44.7020  3390.3953     7.1582   yes
     213     1.7190     5.2012    62.5732    41.8221  1773.8999     5.4208   yes
     214     1.7426     7.5213    72.3260    44.9661  3718.9194     7.6917   yes
     215     1.7169     6.5943    54.8984    44.2386  2346.2864     8.3198   yes
     216     1.6984     6.1246    56.0745    42.2390  2473.7847     8.5643   yes
     217     1.6507     4.9118    57.2617    39.5523  2568.5823     3.8079    no
     218     1.5370     4.0465    45.2084    38.3259  2360.6533     0.9252    no
     219     1.7403     6.5294    68.5924    42.9250  2162.7715     8.7434   yes
     220     1.7260     6.7200    73.8693    44.1710  2301.1301     8.3057   yes
     221     1.7095     5.1884    65.2491    42.4154  3325.6895     7.1008   yes
     222     1.7278     6.5989    82.0230    43.8256  3220.6372     7.7279   yes
     223     1.7269     7.0264    83.1920    43.7613  1979.1960     8.3710   yes
     224     1.7243     7.4555    76.5308    46.7124  1960.1536     6.5942   yes
     225     1.7531     6.6356    75.2097    43.2267  2625.6814     8.0537   yes
     226     1.7642     7.2339    74.5783    44.7271  2844.1990     8.3164   yes
     227     1.7321     7.7108    81.0524    45.2769  3118.4509     6.9990   yes
     228     1.7686     7.4258    74.4853    44.7393  1877.5088     7.2308   yes
     229     1.5370     3.9425    52.8462    37.9524  3495.1514     1.0026    no
     230     1.7181     5.7335    72.0168    40.8269  1898.1206     7.9865   yes
     231     1.7324     6.4792    67.8843    42.7946  2536.3857     8.2929   yes
     232     1.9678    10.9833    89.8742    47.9563  3706.9065     0.9139    no
     233     1.6415     4.5253    48.2693    39.8387  2811.5422     3.3401    no
     234     1.7769     8.1044    70.3602    45.6086  2396.5420     6.3536   yes
     235     1.8600     9.6232    81.8984    47.8371  3674.4619     1.5989    no
     236     1.6876     5.4112    73.9553    40.9403  1959.7263     8.1525   yes
     237     1.7929     6.7424    75.4504    43.4265  2339.7212     7.9881   yes
     238     1.7256     5.7826    73.3009    42.0475  3302.1272     8.9664   yes
     239     1.6306     5.0841    47.6682    39.8464  2966.8923     1.7195    no
     240     1.6991     5.1775    58.8601    40.9786  2525.0095     5.6818   yes
     241     1.7258     5.5936    66.7816    42.1891  3130.0569     9.0780   yes
     242     1.8575     9.8682    77.1508    46.4158  2775.6274     3.7799    no
     243     1.6902     4.9878    55.6262    41.6481  2672.2532     5.3518   yes
     244     1.7551     8.3608    80.9191    44.9857  1945.9060     5.8293   yes
     245     1.7823     7.2586    80.2256    44.8215  3651.9646     7.9589   yes
     246     1.7683     8.5762    86.9106    45.2502  2331.3914     5.2923   yes
     247     1.8562     9.2958    78.0362    47.2501  3243.5408     2.8864    no
     248     1.7590     7.2292    71.0756    42.4708  2099.7715     7.4088   yes
     249     1.6606     5.1736    61.9669    40.6449  2760.8362     6.6905   yes
     250     1.8574    10.1231    83.9334    47.5330  3447.9988     2.8333    no
     251     1.6953     5.4602    63.9966    41.7347  1839.9373     5.5120   yes
     252     1.6724     5.7417    62.3859    41.0312  1780.7278     7.9455   yes
     253     1.7081     5.5375    66.0341    42.7963  3029.2954     7.6893   yes
     254     1.7423     5.7302    69.3559    42.6913  2827.5254     7.9271   yes
     255     1.6472     4.0956    62.1314    39.3038  1856.1444     2.9722    no
     256     1.7729     7.6806    69.0813    45.5886  2719.7981     5.6366   yes
     257     1.8177     8.1756    73.7923    45.3642  1201.0249     6.0608   yes
     258     1.6653     5.5116    52.6726    41.2380  2549.9692     7.1418   yes
     259     1.7507     6.9915    70.3410    42.9143  2891.4248     8.1599   yes
     260     1.7428     6.6819    80.5631    42.4208  2189.0977     9.0766   yes
     261     1.7087     7.2316    79.4452    44.6817  3689.4487     6.8208   yes
     262     1.7424     7.5590    75.0373    43.8598  3582.3027     9.0083   yes
     263     1.6964     5.6185    58.4358    41.6662  2784.1282     6.8939   yes
     264     1.6461     4.5559    49.1663    40.2279  3847.6355     4.9370    no
     265     1.6026     4.7746    54.8561    41.6293  1263.6091     4.2737    no
     266     1.6758     5.2197    64.3607    40.7346  2183.0828     5.2621   yes
     267     1.6868     5.4395    55.1261    40.9398  3058.1782     6.4951   yes
     268     1.9228    10.2504    83.0791    47.8646  3065.9534     0.4061    no
     269     1.4859     4.2069    45.4130    39.1728  1266.0540     0.5968    no
     270     1.7318     6.5232    69.3374    43.4834  2731.4910     8.2814   yes
     271     1.8596    10.1634    96.1557    47.1984  2687.5020     2.4233    no
     272     1.7020     5.2547    63.0817    40.8738  3178.5854     4.5584    no
     273     1.7506     5.6448    72.4237    42.2141  1765.6155     8.0001   yes
     274     1.7835     7.4365    83.2052    45.7859  2618.6794     6.7863   yes
     275     1.7356     6.9976    70.5651    41.7672  2518.2449     9.2087   yes
     276     1.7943     6.7743    73.3217    44.6239  2533.4624     8.2355   yes
     277     1.7570     6.6230    60.5812    42.8306  3099.9568     9.7923   yes
     278     1.8277    10.1214    77.4642    45.5408  2447.0840     4.0474    no
     279     1.7669     8.3998    80.5586    45.3281  2288.7424     4.2629    no
     280     1.7610     6.3830    63.6107    42.3103  2950.3027     7.9198   yes
     281     1.7495     6.8815    77.2096    43.8878  2600.7510     8.8161   yes
     282     1.5913     4.5809    42.6024    39.6747  2079.0522     2.9461    no
     283     1.7114     5.6496    67.4415    42.4581  2594.2012     7.5210   yes
     284     1.7193     5.7232    61.5045    42.0509  3015.0107     7.8802   yes
     285     1.6741     5.4255    56.8520    42.0473  2704.4141     7.0457   yes
     286     1.7915     7.0131    67.4829    45.0979  2740.3855     8.5884   yes
     287     1.6495     4.7055    58.0995    40.7881  2343.1450     4.8744    no
     288     1.7771     9.1974    91.0061    47.1056  2665.1243     2.9319    no
     289     1.6349     5.1003    63.1537    41.3270  3125.3879     4.9271    no
     290     1.7668     6.7955    74.3857    43.8462  2474.9407     8.8094   yes
     291     1.6850     4.8630    52.7705    40.9040  1685.0465     4.8957    no
     292     1.8214     8.4617    75.2501    47.1404  2671.3389     4.6010    no
     293     1.7975    10.4265    83.9300    47.1107  3076.0303     2.6519    no
     294     1.8053     8.3062    73.2521    45.0654  2238.5227     5.8853   yes
     295     1.7363     6.7398    76.7512    44.1235  2304.2356     8.6226   yes
     296     1.6342     4.5221    49.8262    40.0851  2493.3904     3.9651    no
     297     1.6867     5.1357    46.6011    39.6038  1553.0848     4.8997    no
     298     1.7334     5.2550    53.5320    40.9586  2425.5376     4.7114    no
     299     1.7008     5.1043    52.8338    39.8621  2336.0698     5.4645   yes
     300     1.5783     4.0818    48.3017    37.1480  1898.3854     1.2670    no
     301     1.6525     5.0920    60.5885    40.9662  2286.5256     4.8275    no
     302     1.6443     4.9298    64.3390    40.9465  3036.7390     4.9619    no
     303     1.7944     7.9767    83.8646    45.4988  2196.1318     6.6735   yes
     304     1.6098     4.9514    59.7359    41.6598  2230.2856     6.1397   yes
     305     1.7541     6.5984    70.3108    43.7326  2637.8245     8.6990   yes
     306     1.8051     8.2492    93.5714    46.5621  2520.9075     4.8944    no
     307     1.7725     6.6419    66.9047    43.2338  1269.9115     8.3344   yes
     308     1.6981     5.5310    65.0983    42.2106  1568.7458     7.6330   yes
     309     1.7335     6.9104    71.1056    42.9947  2930.6772     8.3548   yes
     310     1.5612     3.9385    53.1371    38.9816  2458.8303     0.8255    no
     311     1.8148     9.0821    80.5594    46.6538  2497.2119     4.4053    no
     312     1.8087    10.0173    82.9229    47.2049  3461.5532     1.4877    no
     313     1.7029     5.8851    69.9965    43.6731  1863.3160     8.6650   yes
     314     1.6470     4.7750    62.1499    38.9480  2040.2560     3.2941    no
     315     1.7465     5.6993    70.4427    43.1370  2453.5120     8.8608   yes
     316     1.7210     7.2166    66.5927    42.6084  2592.4727     9.0136   yes
     317     1.5880     4.6247    47.3426    38.9668  1684.4570     0.5492    no
     318     1.7312     5.9879    67.8844    43.3652  2144.3625     8.0269   yes
     319     1.8093     8.4108    84.0461    46.2956  2689.6653     3.4848    no
     320     1.5586     4.0336    55.3134    38.7014  2287.1116     1.2621    no
     321     1.7321     6.4604    69.2507    42.5533  3862.7202     9.4869   yes
     322     1.7295     6.6147    65.4403    42.3596  2593.9451     9.2326   yes
     323     1.6788     5.1576    69.1204    41.0623  2303.4949     6.0476   yes
     324     1.8185     9.7132    91.0400    48.3630  1631.9877     2.8486    no
     325     1.7885     6.7054    72.1884    41.6939  2258.1768     9.0268   yes
     326     1.7071     4.8679    61.5660    41.7688  2553.8206     7.1656   yes
     327     1.6257     4.9547    61.4749    39.9529  1815.3335     1.8166    no
     328     1.7723     7.2494    72.8871    43.1608  2895.4106     8.8981   yes
     329     1.6383     4.5234    56.1527    40.7133  2326.8037     4.1089    no
     330     1.5291     4.2116    53.1553    38.1419  2198.6807     1.3471    no
     331     1.7882     6.4019    67.1002    42.1437  2921.0693     8.3766   yes
     332     1.8920     9.6168    91.0032    47.6733  2285.4893     1.8608    no
     333     1.7427     7.2206    66.3723    43.2485  2831.3481     8.2721   yes
     334     1.7202     4.8300    71.0397    41.8728  3377.8262     6.7909   yes
     335     1.6531     5.1158    44.5977    39.7909  1642.0919     3.4319    no
     336     1.7557     6.2460    66.5233    42.6453  2841.1338     8.3824   yes
     337     1.7041     5.5872    59.7211    41.7256  3308.5674     8.6575   yes
     338     1.6960     4.1341    58.4802    40.7819  3832.2727     3.9283    no
     339     1.7286     6.9203    58.3615    42.0678  2518.5425     8.7590   yes
     340     1.7386     6.3633    75.1269    42.1331  2624.8464     9.1519   yes
     341     1.6438     4.7604    60.3437    38.7027  3103.1101     3.9567    no
     342     1.8931    10.5813    95.1380    48.8955  2990.3416     0.9101    no
     343     1.7181     5.1771    63.2260    41.6121  1756.1997     6.3348   yes
     344     1.6354     4.0889    62.0308    39.4501  1629.3719     1.9502    no
     345     1.7159     5.6558    61.0540    42.6310  1688.4247     7.3963   yes
     346     1.7470     6.8914    56.8143    44.1503  2905.7300     9.7231   yes
     347     1.6166     4.1085    52.2055    39.6091  2221.4871     1.8180    no
     348     1.7830     8.9219    84.8065    46.9558  2532.4504     3.7224    no
     349     1.7952     6.8197    66.3000    43.2804  1370.1884     8.1758   yes
     350     1.6587     5.6966    71.9038    43.3905  3441.6128     7.0112   yes
     351     1.7868     6.4729    70.5061    43.2271  3057.4917     9.1896   yes
     352     1.7320     6.9913    56.6672    43.2023  2242.0610     8.3862   yes
     353     1.6441     4.6178    50.9832    40.1741  3307.1548     3.3063    no
     354     1.6028     4.7334    53.5140    37.2285  2754.8594     1.6727    no
     355     1.7810     8.1614    85.9304    46.3832  2031.2556     6.6268   yes
     356     1.7565     8.7988    81.9789    44.9622  2237.5625     5.4970   yes
     357     1.6088     4.0601    45.6213    39.3450  2460.2539     2.4811    no
     358     1.6735     5.5673    61.3070    41.8429  2585.6880     7.3348   yes
     359     1.7400     6.8503    78.5048    42.4112  2568.3008     8.4957   yes
     360     1.5374     4.1753    53.3679    38.1773  2481.5801     0.8345    no
     361     1.7934     7.2096    73.0653    43.8550  1946.9261     8.8056   yes
     362     1.7164     4.5209    50.8617    39.9224  2008.9999     4.8916    no
     363     1.7505     6.3100    71.2781    41.5650  1961.3506     8.2604   yes
     364     1.6444     4.6844    55.4503    40.9375  2156.4688     5.2397   yes
     365     1.7272     5.6297    65.0093    42.2718  2319.6934     5.9928   yes
     366     1.7112     5.8341    81.6900    42.1460  2122.6111     8.3588   yes
     367     1.8717     9.5903    85.3930    47.5412  2330.5691     3.0481    no
     368     1.6813     5.9814    69.0098    40.5146  2150.9724     8.4541   yes
     369     1.6798     5.6178    52.2346    41.3432  1769.2008     7.5051   yes
     370     1.7907     6.0912    72.6169    43.0248  2651.2202     9.4037   yes
     371     1.7451     7.3451    77.7281    45.7885  2011.9441     7.0107   yes
     372     1.6877     4.9536    54.4250    40.3770  2307.6028     5.2405   yes
     373     1.6862     5.1117    66.1721    41.1172  3274.7830     6.9784   yes
     374     1.6689     5.4346    59.6606    41.1747  2538.2532     6.5253   yes
     375     1.7751     7.7746    82.2997    45.3181  2511.8992     6.3976   yes
     376     1.7704     8.7482    79.3601    45.3050  2167.5190     4.4285    no
     377     1.8455     9.0800    88.6772    47.0591  2867.2903     2.1254    no
     378     1.7762     7.5470    72.0239    45.4309  2067.4985     7.7104   yes
     379     1.6757     4.9987    54.8655    40.2662  3727.4465     4.2148    no
     380     1.8519     9.6029    78.0022    48.3631  2233.0925     1.9618    no
     381     1.7105     6.7582    60.7923    44.2008  2663.9067     7.9449   yes
     382     1.7358     6.7846    79.9663    43.4606  1990.6860     8.5815   yes
     383     1.7213     5.3452    73.5835    43.7173  1953.9047     8.0260   yes
     384     1.7274     7.1484    72.1902    44.2067  3591.5295     7.8209   yes
     385     1.7584     5.8256    69.7802    42.6895  3225.8760     9.1032   yes
     386     1.5403     3.8752    40.6551    39.7330  1732.7451     0.5048    no
     387     1.6109     5.1397    61.8671    40.9350  3201.6277     5.3581   yes
     388     1.7126     6.7065    58.9193    42.5222  3163.6003     8.3237   yes
     389     1.7730     6.4303    66.0729    42.5093  1013.4366     8.6489   yes
     390     1.7211     6.4618    69.1817    41.7141  2298.3831     9.4904   yes
     391     1.8049     8.2201    73.9450    44.8902  1732.7626     4.7178    no
     392     1.6350     4.9104    59.2533    39.6887  2740.7637     4.2401    no
     393     1.7841     7.0538    74.9465    41.9175  1934.4797     8.5750   yes
     394     1.5517     4.5262    45.2937    37.6481  1607.7253     1.2467    no
     395     1.9331    10.6003    91.9222    47.9845  1955.2495     0.5039    no
     396     1.6991     5.8977    54.6104    42.2524   637.2219     6.8032   yes
     397     1.7504     5.8301    63.5249    43.5392  2682.9895     7.7004   yes
     398     1.5409     4.4604    42.6081    38.1879  1414.1650     0.8744    no
     399     1.7671     5.7181    65.4994    41.8907  1963.3252     8.5696   yes
     400     1.7653     6.1697    70.7027    42.7847  2949.4731     8.9064   yes
     401     1.7585     6.1374    60.9015    42.0596  2982.3115     8.7382   yes
     402     1.7677     6.7295    76.1996    42.3928  2306.0281     8.7764   yes
     403     1.6024     4.7497    51.1764    38.6104  2345.7007     2.6461    no
     404     1.6895     6.9439    76.0236    42.3948  1651.6503     9.6307   yes
     405     1.6877     5.3931    68.4524    41.1054  2170.5686     5.8053   yes
     406     1.5601     4.2238    58.4194    39.5950  2670.3984     0.6603    no
     407     1.5496     4.3392    48.4294    38.1747  2177.2527     0.9119    no
     408     1.6303     4.9183    52.5610    40.8420  3351.7742     5.5255   yes
     409     1.7246     7.1633    74.0285    43.9330  3196.4724     7.6685   yes
     410     1.6404     4.7941    54.3260    38.6637  2604.9072     3.2856    no
     411     1.6934     6.2556    65.8324    41.6100  1420.3143     7.2778   yes
     412     1.8439     8.7175    79.9143    46.7386  3029.8579     3.3000    no
     413     1.7522     7.1409    71.2811    44.1300  2539.6592     8.1410   yes
     414     1.7961     7.2441    72.5780    44.5837  2552.0879     8.8228   yes
     415     1.7766     6.9319    82.0572    44.0575  3131.8062     7.5427   yes
     416     1.7977     8.6694    88.3706    46.6192  2092.6777     4.5401    no
     417     1.6319     4.7996    54.0234    39.7992  1609.2241     4.2587    no
     418     1.7609     7.3343    68.1497    43.6607  2395.3042     7.3750   yes
     419     1.7445     6.9630    64.8643    42.3608  1567.0541     8.6465   yes
     420     1.5459     4.0008    45.5519    38.2144  2619.2930     1.1091    no
     421     1.7541     6.6608    58.8803    42.3830  2290.6025     8.5569   yes
     422     1.6053     4.4712    60.2197    38.9416  2134.7192     1.3466    no
     423     1.7552     5.9907    69.8210    41.9023  2298.6936     7.9459   yes
     424     1.7862     7.9616    67.1559    45.5310  3360.9290     7.2095   yes
     425     1.6400     5.5747    66.9315    41.7831  2878.0867     7.4251   yes
     426     1.6169     5.3746    61.3897    40.9505  3019.8840     4.0794    no
     427     1.7505     6.9688    69.8900    43.2259  1680.0979     9.2918   yes
     428     1.6779     5.8622    66.4950    42.5451  2357.1646     6.5317   yes
     429     1.8614     9.5751    83.5764    47.4461  2272.0457     2.1242    no
     430     1.8263     9.3944    82.6197    46.1865  2840.8357     2.3130    no
     431     1.8704    10.7499    85.6377    47.8190  2160.0693     0.9644    no
     432     1.7389     6.0859    69.9103    41.5077  1930.6897     8.3481   yes
     433     1.8514     9.5626    82.5820    46.9048  2066.9531     3.4863    no
     434     1.7216     6.1342    76.0878    42.5406  1933.0703     8.4763   yes
     435     1.7192     5.7846    65.6998    43.7913  1953.9811     7.6460   yes
     436     1.8157     7.6506    88.1852    45.7051  2987.3113     6.5630   yes
     437     1.6940     7.0470    73.9698    43.7375  1932.0508     9.2564   yes
     438     1.6982     5.6757    67.5076    42.5779  1583.2130     6.9207   yes
     439     1.8023     8.2331    72.0166    46.2661  3237.6553     6.0399   yes
     440     1.7375     6.3412    66.8487    42.4019  2388.9939     8.1154   yes
     441     1.7435     5.9376    58.6137    41.5325  1913.4871     7.6552   yes
     442     1.7573     7.2422    72.7277    43.7365  2003.6682     8.4150   yes
     443     1.6180     4.3389    39.9436    38.4028  2910.7803     2.5397    no
     444     1.6932     5.0708    61.0695    39.7995  2725.5286     5.0926   yes
     445     1.6836     5.0930    62.3096    42.5549  3334.4207     7.2975   yes
     446     1.6282     4.8503    48.7811    38.6814  2816.4658     1.5711    no
     447     1.7782     6.7212    55.5099    43.4394  2111.3555     9.0047   yes
     448     1.7662     6.5901    82.7655    44.3973  1943.5281     8.1022   yes
     449     1.6780     5.3360    45.4778    39.7989  1424.0778     1.8567    no
     450     1.7616     6.5238    71.5085    42.5755  2400.5662     8.7216   yes
     451     1.8089     9.8017    83.8403    47.1015  2706.3477     4.3312    no
     452     1.6319     4.3215    57.5334    39.5477  2621.2100     3.1955    no
     453     1.7505     8.4761    96.1828    45.2463  2290.3562     5.2303   yes
     454     1.7680     7.4784    76.4881    43.5668  1956.4565     9.9331   yes
     455     1.7310     6.5675    67.3025    43.1664  2287.5815     8.6136   yes
     456     1.6529     4.2233    54.9907    39.6431  2951.8076     3.1528    no
     457     1.8140     8.8354    87.0403    45.5578  2382.6204     2.3847    no
     458     1.8895     9.8377    84.4024    45.8137  2026.4993     4.3125    no
     459     1.7050     5.1778    59.1981    41.4234  1931.3442     7.7827   yes
     460     1.7365     5.4731    58.2773    41.5712  3092.2666     6.9545   yes
     461     1.7950     7.3845    76.0634    46.7873  2641.2424     7.4632   yes
     462     1.7440     6.5670    73.8503    41.8695  2505.5107     9.9993   yes
     463     1.8198     8.4672    88.0050    46.9475  3178.5356     5.5354   yes
     464     1.7300     7.1225    81.9149    44.7132  2849.4626     8.3714   yes
     465     1.8315     9.2207    79.9796    46.4272  2469.6060     2.0814    no
     466     1.8206     6.7592    67.6641    41.7799  2877.8125     8.2087   yes
     467     1.6827     6.3814    63.7091    41.5241  2534.5725     8.3399   yes
     468     1.7376     6.8094    74.0737    44.5356  1453.2063     8.5646   yes
     469     1.6378     5.3150    70.1345    41.4638  2977.2451     6.3948   yes
     470     1.5513     4.1287    47.5360    38.4009  2170.2834     1.1682    no
     471     1.6590     5.3083    64.1856    42.5440  1998.6531     6.8057   yes
     472     1.5638     4.6808    53.0352    38.9598  2821.9236     1.7220    no
     473     1.7546     6.6902    61.8518    43.3559  2468.6646     8.6308   yes
     474     1.8286     8.8859    82.1318    46.8597  2497.6433     4.2153    no
     475     1.7520     7.6129    75.4679    44.3880  2965.5630     8.1405   yes
     476     1.6751     5.6437    63.6862    42.5240  2385.3240     8.8886   yes
     477     1.7150     5.7230    65.6787    42.6581  2399.2808     8.7276   yes
     478     1.7270     7.9453    81.3209    46.7395  2766.3713     7.8978   yes
     479     1.6378     5.5276    54.7771    40.6908  3230.4797     4.3695    no
     480     1.6741     4.5360    46.9604    38.3918  2398.7754     1.4305    no
     481     1.6701     5.9836    67.9763    41.7830  3051.0337     7.5657   yes
     482     1.7432     6.8981    71.3450    44.9485  2607.2947     8.7216   yes
     483     1.6647     5.2859    62.1140    40.1920  2138.8616     3.6408    no
     484     1.6439     4.2908    61.6830    40.3642  3287.7375     4.5417    no
     485     1.7736     7.0073    65.4476    43.1993  2024.1924     8.4982   yes
     486     1.6722     5.3626    64.2017    39.8666  2329.9595     6.0466   yes
     487     1.6025     4.7973    52.8601    38.1586  2579.3081     1.4503    no
     488     1.7705     7.8278    78.8685    45.3712  3411.4609     6.4055   yes
     489     1.7111     6.6246    72.9511    41.5920  2389.9492     9.7067   yes
     490     1.7430     5.6386    60.1427    41.7233  3135.9727     7.8969   yes
     491     1.7934     7.6935    77.3544    44.5611  2286.1143     5.3374   yes
     492     1.9030    10.6288    89.0054    46.9622  2084.1943     0.4343    no
     493     1.7437     6.4468    68.1215    41.4633  3312.8811     9.0995   yes
     494     1.7237     6.2751    75.2111    43.9168  1662.9413     9.3591   yes
     495     1.6410     4.4794    61.5962    39.7943  2970.7656     1.3878    no
     496     1.6885     4.7378    54.8188    40.5775  2217.1836     4.5367    no
     497     1.7795     7.4902    72.3507    45.7478  2186.2766     6.0494   yes
     498     1.7368     5.8772    57.5158    42.7599  3402.0737     8.3964   yes
     499     1.7635     7.1404    71.1328    43.6938  2647.8452     6.9280   yes
     500     1.8535     8.8203    77.5788    47.2197  1881.0287     3.6078    no
     501     1.7400     5.2706    62.7138    42.9822  1398.7896     7.8840   yes
     502     1.6916     5.0032    64.6917    41.9930  2503.6838     7.8151   yes
     503     1.5603     4.0705    40.6080    39.1909  2677.6350     0.8476    no
     504     1.7035     5.9088    69.4153    43.3838  2439.6594     8.8874   yes
     505     1.8186     7.0402    75.3392    43.5333  2910.6387     8.4878   yes
     506     1.7706     6.8192    73.0146    43.8612  1926.8865     7.5528   yes
     507     1.8626    10.0618    79.3665    47.3281  2991.0942     2.3869    no
     508     1.7035     5.5718    63.6464    42.2776  3203.4058     5.5675   yes
     509     1.6353     4.5408    57.3258    40.1287  1579.0033     2.9310    no
     510     1.7283     6.6205    71.4985    44.3159  2661.1973     8.4082   yes
     511     1.6984     6.6715    63.1089    43.3835  1441.0386     8.9328   yes
     512     1.7870     7.2901    72.9715    43.7105  1927.8243     7.9139   yes
     513     1.7949     8.7931    68.9427    46.1046  2023.9844     5.4747   yes
     514     1.5512     4.1220    51.9038    38.2839  2182.9463     2.1854    no
     515     1.7843     8.2126    73.1250    45.5027  3046.5217     5.9087   yes
     516     1.7806     9.1199    79.1857    47.0993  2707.8167     3.8545    no
     517     1.7832     7.3852    72.8509    43.0212  2933.7466     8.7201   yes
     518     1.6840     5.0948    50.6151    40.0032  2349.9792     3.1643    no
     519     1.5830     3.9190    53.1922    37.5405  2339.4072     1.6178    no
     520     1.7482     6.7907    58.6661    43.7325  2700.1079     8.3016   yes
     521     1.6898     4.9233    57.1466    40.1669  1861.3359     5.4703   yes
     522     1.7633     7.3252    82.8177    44.7832  2765.8501     7.5668   yes
     523     1.5868     4.6802    52.3876    39.1099  3129.1533     3.1561    no
     524     1.6478     4.6468    62.3366    40.8485  3603.7078     4.4710    no
     525     1.8559    10.1993    87.5889    47.0457  1915.0653     1.7346    no
     526     1.7263     6.3219    69.2645    42.4452  3030.3389     9.0548   yes
     527     1.5489     4.1091    65.2913    39.0058  2891.1831     1.2346    no
     528     1.7183     7.0191    73.7598    43.5461  1895.4095     8.5167   yes
     529     1.7500     7.3396    75.2876    45.6125  1907.5575     8.4109   yes
     530     1.7753     8.9354    84.7179    46.2839  2861.7043     4.6754    no
     531     1.7069     6.0531    73.0406    43.7665  2646.8840     8.9691   yes
     532     1.8177     9.7571    80.6868    47.2626  2270.9473     1.9034    no
     533     1.7353     6.1851    59.9865    43.2943  1586.1058     8.8555   yes
     534     1.7140     7.3133    88.4095    44.8199  2240.3152     8.8980   yes
     535     1.9224    10.4174    93.7225    48.2422  3670.2131     0.8885    no
     536     1.7549     5.7959    71.0758    41.4417  2918.7812     7.7941   yes
     537     1.7260     5.8544    71.6917    41.4241  2335.8962     8.4344   yes
     538     1.7143     7.2898    72.3879    45.3182  2177.1572     7.5398   yes
     539     1.7055     6.0917    58.0949    41.7177   886.6483     7.5686   yes
     540     1.5612     4.4386    35.5730    37.9362  1559.7722     0.7464    no
     541     1.6914     6.4568    56.8597    41.8587  2855.6294     8.9584   yes
     542     1.6550     5.2042    54.2183    38.8696  3431.1265     2.5199    no
     543     1.5656     4.0949    58.9536    39.6488  2615.0706     0.6748    no
     544     1.7355     6.7886    74.0034    44.5954  2423.0347     8.9404   yes
     545     1.5814     4.6959    39.8860    38.7143  2540.1689     1.7544    no
     546     1.6230     4.5083    65.5717    39.8410  1650.4182     4.5659    no
     547     1.6223     5.0018    54.3287    40.0072  3340.9253     4.3974    no
     548     1.7975     7.1982    72.4072    43.2613  2160.0330     8.7860   yes
     549     1.7077     5.2865    67.9928    41.4017  2109.6541     7.6767   yes
     550     1.8799    10.4690    93.9621    49.8022  2997.6470     0.8431    no
     551     1.6786     5.6192    68.4801    40.1401  2241.6313     7.2136   yes
     552     1.5934     4.6021    56.4029    40.1170  1442.2509     1.8625    no
     553     1.7432     6.9446    73.3350    43.1495  2032.2842     8.3272   yes
     554     1.8879    10.6439    81.3734    48.7288  3064.8938     1.0321    no
     555     1.7456     6.1974    70.4643    42.0554  2251.1099     9.5266   yes
     556     1.6002     5.0600    49.2022    39.1467  2450.7251     2.5046    no
     557     1.6364     4.8844    54.9929    40.2906  3623.0134     2.4922    no
     558     1.7970     9.0579    81.1685    47.3417  2488.1626     3.6148    no
     559     1.6319     4.8218    59.5137    41.3805  1929.8425     3.7599    no
     560     1.7700     7.4527    76.7889    45.5683  3493.2197     6.4487   yes
     561     1.7664     5.5949    52.5024    41.0714  3170.9893     7.8959   yes
     562     1.7716     9.1946    81.7568    46.0520  2003.3263     3.1495    no
     563     1.7900     7.4571    78.5754    44.4471  2391.2512     7.0429   yes
     564     1.7008     6.3841    70.8017    42.9181  2679.1191     9.2410   yes
     565     1.7156     5.4696    69.0092    42.0656  2668.6038     7.5487   yes
     566     1.8824     9.5874    81.4775    47.5517  3263.2344     3.0327    no
     567     1.7632     6.6514    79.4464    42.4567  2767.2837     9.2899   yes
     568     1.6532     4.8195    47.5104    39.2059  2071.6941     2.9354    no
     569     1.6494     4.8134    46.9977    39.2289  3251.2754     3.6197    no
     570     1.6439     4.6588    49.8854    38.6758  2918.3438     2.5205    no
     571     1.7727     6.7577    84.6614    44.3304  3224.7251     7.9993   yes
     572     1.7551     8.2608    75.4859    44.7151  1914.4167     5.8021   yes
     573     1.8453     9.6346    82.6528    48.3399  1778.9492     2.0960    no
     574     1.6921     5.7414    63.5808    41.8924  1687.4122     8.8755   yes
     575     1.7131     5.1925    50.7095    40.9303  2177.1238     5.8950   yes
     576     1.6165     4.8162    57.8294    39.5840  2148.8977     3.7544    no
     577     1.6715     4.3225    55.7701    39.1369  3060.9915     2.3450    no
     578     1.7446     5.1596    57.9440    41.1184  2227.9658     5.8811   yes
     579     1.6205     4.5708    54.7182    38.6307  2876.1160     1.4932    no
     580     1.7397     5.8889    67.5505    43.8208  2341.7483     8.8343   yes
     581     1.8064     8.4910    85.1901    44.8054  1241.6420     5.4526   yes
     582     1.7026     7.4772    75.6017    44.3615  2114.4568     8.3893   yes
     583     1.6983     4.8840    55.7366    41.1376  1924.9606     6.4256   yes
     584     1.7301     6.8352    66.4670    42.2831  3661.4548     9.8946   yes
     585     1.7194     5.6394    74.7461    41.3415  2813.7791     8.2105   yes
     586     1.7493     6.9414    69.6472    43.4313  2278.1511     8.9233   yes
     587     1.7571     6.9845    67.8577    43.4697  1826.9989     7.8987   yes
     588     1.8073     8.3600    73.8758    46.0419  2198.5515     6.5642   yes
     589     1.7489     6.8193    62.8741    42.9987  2313.4077     9.0777   yes
     590     1.6746     4.9317    52.0342    40.4938  1981.6550     3.5976    no
     591     1.7580     7.9941    79.9865    46.1753  2285.1968     6.4769   yes
     592     1.8458     9.0178    89.6117    46.9755  3059.7844     3.6275    no
     593     1.7624     6.8946    72.6232    45.2262  1846.0807     7.2200   yes
     594     1.8370     9.7376    85.5526    47.2035  2535.6514     2.9222    no
     595     1.7945     9.1999    68.5133    46.4733  3035.1794     3.3148    no
     596     1.7806     8.7110    79.0960    47.6329  1884.5022     3.3639    no
     597     1.7752     7.8723    73.4600    45.4155  1910.8083     6.6696   yes
     598     1.7966     6.6169    81.0768    41.9548  2096.0608     9.5017   yes
     599     1.7043     6.5221    67.6848    41.8496  3694.6030     9.5181   yes
